日期,股票代码,名称,收盘价,最高价,最低价,开盘价,前收盘,涨跌额,涨跌幅,换手率,成交量,成交金额,总市值,流通市值
2019-04-26,'300640,德艺文创,12.83,12.94,12.6,12.7,12.74,0.09,0.7064,2.5278,1732625,22119342.86,1886856780.0,879419520.0
2019-04-25,'300640,德艺文创,12.74,13.33,12.56,13.15,13.15,-0.41,-3.1179,3.7638,2579860,33630002.8,1873620840.0,873250560.0
2019-04-24,'300640,德艺文创,13.15,13.18,12.94,13.18,13.12,0.03,0.2287,2.5343,1737100,22701720.8,1933917900.0,901353600.0
2019-04-23,'300640,德艺文创,13.12,13.44,12.95,13.1,13.19,-0.07,-0.5307,3.969,2720487,35835091.86,1929505920.0,899297280.0
2019-04-22,'300640,德艺文创,13.19,13.57,13.16,13.48,13.28,-0.09,-0.6777,3.8969,2671107,35689833.91,1939800540.0,904095360.0
2019-04-19,'300640,德艺文创,13.28,13.47,13.01,13.01,13.22,0.06,0.4539,3.9217,2688109,35517156.55,1953036480.0,910264320.0
2019-04-18,'300640,德艺文创,13.22,13.45,12.86,13.05,13.14,0.08,0.6088,5.7553,3944880,51854240.9,1944212520.0,906151680.0
2019-04-17,'300640,德艺文创,13.14,13.34,12.7,12.73,12.8,0.34,2.6563,6.6144,4533808,58964799.13,1932447240.0,900668160.0
2019-04-16,'300640,德艺文创,12.8,13.39,12.53,13.18,12.32,0.48,3.8961,7.9803,5470051,69914335.67,1882444800.0,877363200.0
2019-04-15,'300640,德艺文创,12.32,12.9,12.26,12.63,12.45,-0.13,-1.0442,5.3233,3648785,45828890.28,1811853120.0,844462080.0
2019-04-12,'300640,德艺文创,12.45,12.52,12.18,12.18,12.17,0.28,2.3007,3.411,2338054,28901719.2,1830971700.0,853372800.0
2019-04-11,'300640,德艺文创,12.17,12.48,12.07,12.29,12.29,-0.12,-0.9764,2.8985,1986771,24442064.66,1789793220.0,834180480.0
2019-04-10,'300640,德艺文创,12.29,12.42,11.95,12.1,12.1,0.19,1.5702,2.5424,1742663,21302280.4,1807441140.0,842405760.0
2019-04-09,'300640,德艺文创,12.1,12.15,11.9,11.95,11.96,0.14,1.1706,2.4143,1654862,19889571.6,1779498600.0,829382400.0
2019-04-08,'300640,德艺文创,11.96,12.34,11.83,12.26,12.12,-0.16,-1.3201,2.676,1834240,22125238.6,1758909360.0,819786240.0
2019-04-04,'300640,德艺文创,12.12,12.49,12.1,12.29,12.3,-0.18,-1.4634,2.6715,1831171,22392738.76,1782439920.0,830753280.0
2019-04-03,'300640,德艺文创,12.3,12.33,12.15,12.2,12.25,0.05,0.4082,2.8182,1931740,23622055.97,1808911800.0,843091200.0
2019-04-02,'300640,德艺文创,12.25,12.8,12.13,12.42,12.38,-0.13,-1.0501,3.335,2285920,28086486.6,1801558500.0,839664000.0
2019-04-01,'300640,德艺文创,12.38,12.44,12.05,12.22,12.13,0.25,2.061,4.5849,3142691,38509238.28,1820677080.0,848574720.0
2019-03-29,'300640,德艺文创,12.13,12.34,11.51,11.51,11.55,0.58,5.0216,4.8067,3294726,39439669.4,1783910580.0,831438720.0
2019-03-28,'300640,德艺文创,11.55,11.99,11.51,11.86,11.86,-0.31,-2.6138,2.0193,1384140,16328129.0,1698612300.0,791683200.0
2019-03-27,'300640,德艺文创,11.86,11.86,11.48,11.54,11.53,0.33,2.8621,2.5306,1734593,20263116.79,1744202760.0,812931840.0
2019-03-26,'300640,德艺文创,11.53,11.93,11.33,11.66,11.65,-0.12,-1.03,3.369,2309229,27107861.45,1695670980.0,790312320.0
2019-03-25,'300640,德艺文创,11.65,11.89,11.6,11.6,11.9,-0.25,-2.1008,2.3948,1641479,19269910.09,1713318900.0,798537600.0
2019-03-22,'300640,德艺文创,11.9,11.94,11.67,11.79,11.79,0.11,0.933,4.8542,3327245,39376430.5,1750085400.0,815673600.0
2019-03-21,'300640,德艺文创,11.79,11.89,11.73,11.8,11.75,0.04,0.3404,4.7758,3273500,38679047.6,1733908140.0,808133760.0
2019-03-20,'300640,德艺文创,11.75,11.82,11.55,11.73,11.62,0.13,1.1188,4.5676,3130800,36585942.31,1728025500.0,805392000.0
2019-03-19,'300640,德艺文创,11.62,11.76,11.48,11.6,11.6,0.02,0.1724,3.7323,2558274,29732039.7,1708906920.0,796481280.0
2019-03-18,'300640,德艺文创,11.6,11.6,11.38,11.43,11.44,0.16,1.3986,2.0649,1415380,16286189.4,1705965600.0,795110400.0
2019-03-15,'300640,德艺文创,11.44,11.5,11.1,11.1,11.02,0.42,3.8113,3.5761,2451191,27823239.38,1682435040.0,784143360.0
2019-03-14,'300640,德艺文创,11.02,11.49,10.92,11.49,11.39,-0.37,-3.2485,2.9365,2012808,22515388.2,1620667320.0,755354880.0
2019-03-13,'300640,德艺文创,11.39,11.8,11.26,11.8,11.92,-0.53,-4.4463,6.0172,4124400,47602934.64,1675081740.0,780716160.0
2019-03-12,'300640,德艺文创,11.92,12.07,11.51,11.7,11.7,0.22,1.8803,13.0238,8927013,105466127.49,1753026720.0,817044480.0
2019-03-11,'300640,德艺文创,11.7,11.89,11.05,11.05,11.0,0.7,6.3636,7.0581,4837880,55264102.58,1720672200.0,801964800.0
2019-03-08,'300640,德艺文创,11.0,11.6,10.88,11.33,11.52,-0.52,-4.5139,4.5808,3139878,35365843.46,1617726000.0,753984000.0
2019-03-07,'300640,德艺文创,11.52,11.55,11.09,11.1,11.19,0.33,2.9491,4.451,3050860,34459323.05,1694200320.0,789626880.0
2019-03-06,'300640,德艺文创,11.19,11.2,10.85,11.0,10.92,0.27,2.4725,5.2351,3588380,39710561.0,1645668540.0,767007360.0
2019-03-05,'300640,德艺文创,10.92,10.92,10.6,10.65,10.75,0.17,1.5814,3.2352,2217527,23958448.24,1605960720.0,748500480.0
2019-03-04,'300640,德艺文创,10.75,10.88,10.6,10.66,10.58,0.17,1.6068,3.4058,2334498,25080770.08,1580959500.0,736848000.0
2019-03-01,'300640,德艺文创,10.58,10.7,10.46,10.57,10.62,-0.04,-0.3766,2.4706,1693480,17898956.62,1555958280.0,725195520.0
2019-02-28,'300640,德艺文创,10.62,10.73,10.48,10.63,10.44,0.18,1.7241,2.8288,1938950,20583586.0,1561840920.0,727937280.0
2019-02-27,'300640,德艺文创,10.44,10.68,10.38,10.51,10.55,-0.11,-1.0427,2.7653,1895434,19939430.52,1535369040.0,715599360.0
2019-02-26,'300640,德艺文创,10.55,10.82,10.47,10.6,10.5,0.05,0.4762,4.3841,3005008,31879717.1,1551546300.0,723139200.0
2019-02-25,'300640,德艺文创,10.5,10.52,10.18,10.2,10.17,0.33,3.2448,3.7954,2601490,26948527.0,1544193000.0,719712000.0
2019-02-22,'300640,德艺文创,10.17,10.17,9.9,9.97,9.95,0.22,2.2111,2.3458,1607900,16221175.2,1495661220.0,697092480.0
2019-02-21,'300640,德艺文创,9.95,10.24,9.9,10.09,10.06,-0.11,-1.0934,3.2312,2214760,22331702.2,1463306700.0,682012800.0
2019-02-20,'300640,德艺文创,10.06,10.08,9.93,10.0,10.01,0.05,0.4995,1.7618,1207586,12095553.77,1479483960.0,689552640.0
2019-02-19,'300640,德艺文创,10.01,10.12,9.87,10.07,10.02,-0.01,-0.0998,1.932,1324288,13206627.04,1472130660.0,686125440.0
2019-02-18,'300640,德艺文创,10.02,10.07,9.8,9.8,9.74,0.28,2.8747,2.4043,1647973,16369487.17,1473601320.0,686810880.0
2019-02-15,'300640,德艺文创,9.74,9.84,9.74,9.78,9.76,-0.02,-0.2049,1.5263,1046160,10241664.0,1432422840.0,667618560.0
2019-02-14,'300640,德艺文创,9.76,9.84,9.7,9.75,9.73,0.03,0.3083,1.374,941820,9208078.8,1435364160.0,668989440.0
2019-02-13,'300640,德艺文创,9.73,9.83,9.58,9.6,9.62,0.11,1.1435,1.8499,1268022,12302410.26,1430952180.0,666933120.0
2019-02-12,'300640,德艺文创,9.62,9.63,9.41,9.41,9.48,0.14,1.4768,1.1502,788399,7524871.51,1414774920.0,659393280.0
2019-02-11,'300640,德艺文创,9.48,9.58,9.18,9.18,9.22,0.26,2.82,1.2378,848407,7978405.13,1394185680.0,649797120.0
2019-02-01,'300640,德艺文创,9.22,9.27,9.0,9.0,9.0,0.22,2.4444,1.1097,760641,6970842.64,1355948520.0,631975680.0
2019-01-31,'300640,德艺文创,9.0,9.38,8.86,9.2,9.25,-0.25,-2.7027,1.3102,898060,8160325.88,1323594000.0,616896000.0
2019-01-30,'300640,德艺文创,9.25,9.5,9.21,9.45,9.48,-0.23,-2.4262,1.258,862287,8069865.46,1360360500.0,634032000.0
2019-01-29,'300640,德艺文创,9.48,9.93,9.34,9.56,9.63,-0.15,-1.5576,1.2642,866560,8225140.8,1394185680.0,649797120.0
2019-01-28,'300640,德艺文创,9.63,9.79,9.62,9.79,9.67,-0.04,-0.4137,0.9586,657090,6367578.0,1416245580.0,660078720.0
2019-01-25,'300640,德艺文创,9.67,9.88,9.64,9.78,9.84,-0.17,-1.7276,1.1438,783980,7675031.0,1422128220.0,662820480.0
2019-01-24,'300640,德艺文创,9.84,9.87,9.76,9.82,9.8,0.04,0.4082,1.005,688867,6768971.95,1447129440.0,674472960.0
2019-01-23,'300640,德艺文创,9.8,9.82,9.7,9.77,9.78,0.02,0.2045,1.1263,771990,7532029.6,1441246800.0,671731200.0
2019-01-22,'300640,德艺文创,9.78,9.87,9.73,9.85,9.82,-0.04,-0.4073,1.1889,814920,7986158.2,1438305480.0,670360320.0
2019-01-21,'300640,德艺文创,9.82,9.89,9.76,9.85,9.75,0.07,0.7179,1.1411,782145,7692006.8,1444188120.0,673102080.0
2019-01-18,'300640,德艺文创,9.75,9.83,9.63,9.74,9.76,-0.01,-0.1025,2.1061,1443614,14075609.22,1433893500.0,668304000.0
2019-01-17,'300640,德艺文创,9.76,10.04,9.72,10.03,10.06,-0.3,-2.9821,2.8998,1987623,19607404.39,1435364160.0,668989440.0
2019-01-16,'300640,德艺文创,10.06,10.32,9.93,10.0,10.0,0.06,0.6,5.846,4007100,40446749.85,1479483960.0,689552640.0
2019-01-15,'300640,德艺文创,10.0,10.04,9.79,9.88,9.86,0.14,1.4199,2.1833,1496534,14880133.6,1470660000.0,685440000.0
2019-01-14,'300640,德艺文创,9.86,10.02,9.82,10.01,10.02,-0.16,-1.5968,1.1101,760914,7542479.02,1450070760.0,675843840.0
2019-01-11,'300640,德艺文创,10.02,10.05,9.8,9.97,9.88,0.14,1.417,1.6446,1127288,11208426.76,1473601320.0,686810880.0
2019-01-10,'300640,德艺文创,9.88,9.97,9.82,9.88,9.88,0.0,0.0,0.916,627864,6215864.08,1453012080.0,677214720.0
2019-01-09,'300640,德艺文创,9.88,10.05,9.87,9.95,9.87,0.01,0.1013,1.855,1271463,12673778.58,1453012080.0,677214720.0
2019-01-08,'300640,德艺文创,9.87,9.92,9.83,9.87,9.91,-0.04,-0.4036,1.1305,774923,7658742.34,1451541420.0,676529280.0
2019-01-07,'300640,德艺文创,9.91,9.95,9.71,9.76,9.77,0.14,1.433,1.9797,1356947,13359574.05,1457424060.0,679271040.0
2019-01-04,'300640,德艺文创,9.77,9.85,9.4,9.5,9.57,0.2,2.0899,1.7445,1195746,11588849.36,1436834820.0,669674880.0
2019-01-03,'300640,德艺文创,9.57,9.62,9.44,9.5,9.52,0.05,0.5252,0.901,617560,5900620.6,1407421620.0,655966080.0
2019-01-02,'300640,德艺文创,9.52,9.62,9.5,9.53,9.53,-0.01,-0.1049,1.0058,689446,6588645.52,1400068320.0,652538880.0
2018-12-28,'300640,德艺文创,9.53,9.72,9.51,9.7,9.68,-0.15,-1.5496,1.6881,1157088,11116162.49,1401538980.0,653224320.0
2018-12-27,'300640,德艺文创,9.68,10.05,9.66,9.97,9.97,-0.29,-2.9087,2.9329,2010323,19847697.06,1423598880.0,663505920.0
2018-12-26,'300640,德艺文创,9.97,10.39,9.94,10.04,9.79,0.18,1.8386,4.6963,3219041,32589489.74,1466248020.0,683383680.0
2018-12-25,'300640,德艺文创,9.79,9.97,9.4,9.97,9.98,-0.19,-1.9038,2.0412,1399124,13503087.0,1439776140.0,671045760.0
2018-12-24,'300640,德艺文创,9.98,10.1,9.67,9.67,9.76,0.22,2.2541,2.1506,1474080,14608055.6,1467718680.0,684069120.0
2018-12-21,'300640,德艺文创,9.76,9.88,9.65,9.8,9.78,-0.02,-0.2045,1.3196,904520,8810799.6,1435364160.0,668989440.0
2018-12-20,'300640,德艺文创,9.78,9.78,9.58,9.66,9.6,0.18,1.875,1.2243,839160,8127254.2,1438305480.0,670360320.0
2018-12-19,'300640,德艺文创,9.6,9.8,9.53,9.7,9.74,-0.14,-1.4374,1.6686,1143697,11042390.82,1411833600.0,658022400.0
2018-12-18,'300640,德艺文创,9.74,9.84,9.62,9.76,9.77,-0.03,-0.3071,1.8459,1265260,12341276.0,1432422840.0,667618560.0
2018-12-17,'300640,德艺文创,9.77,9.77,9.58,9.73,9.76,0.01,0.1025,1.9546,1339780,12953187.4,1436834820.0,669674880.0
2018-12-14,'300640,德艺文创,9.76,10.16,9.76,10.16,10.19,-0.43,-4.2198,2.1084,1445213,14391576.36,1435364160.0,668989440.0
2018-12-13,'300640,德艺文创,10.19,10.22,9.95,10.07,10.07,0.12,1.1917,1.9784,1356072,13746549.56,1498602540.0,698463360.0
2018-12-12,'300640,德艺文创,10.07,10.08,9.92,9.97,9.93,0.14,1.4099,1.2198,836092,8371052.88,1480954620.0,690238080.0
2018-12-11,'300640,德艺文创,9.93,9.98,9.86,9.89,9.84,0.09,0.9146,0.9585,656980,6520156.6,1460365380.0,680641920.0
2018-12-10,'300640,德艺文创,9.84,10.06,9.75,10.03,10.08,-0.24,-2.381,1.3068,895760,8848541.4,1447129440.0,674472960.0
2018-12-07,'300640,德艺文创,10.08,10.15,9.94,10.06,9.99,0.09,0.9009,1.1138,763420,7685420.6,1482425280.0,690923520.0
2018-12-06,'300640,德艺文创,9.99,10.24,9.96,10.22,10.14,-0.15,-1.4793,1.8524,1269680,12810184.8,1469189340.0,684754560.0
2018-12-05,'300640,德艺文创,10.14,10.3,10.01,10.07,10.25,-0.11,-1.0732,1.7169,1176812,11948743.24,1491249240.0,695036160.0
2018-12-04,'300640,德艺文创,10.25,10.25,10.01,10.01,10.09,0.16,1.5857,1.862,1276320,12944381.2,1476000000.0,702576000.0
2018-12-03,'300640,德艺文创,10.09,10.19,9.93,10.01,9.8,0.29,2.9592,2.5,1713585,17254760.15,1452960000.0,691608960.0
2018-11-30,'300640,德艺文创,9.8,9.87,9.53,9.69,9.68,0.12,1.2397,1.4871,1019340,9905332.6,1411200000.0,671731200.0
2018-11-29,'300640,德艺文创,9.68,10.07,9.63,9.99,9.94,-0.26,-2.6157,2.0855,1429517,14168604.83,1393920000.0,663505920.0
2018-11-28,'300640,德艺文创,9.94,9.98,9.6,9.81,9.85,0.09,0.9137,1.8774,1286840,12675407.2,1431360000.0,681327360.0
2018-11-27,'300640,德艺文创,9.85,9.91,9.75,9.86,9.74,0.11,1.1294,1.3727,940900,9237941.6,1418400000.0,675158400.0
2018-11-26,'300640,德艺文创,9.74,9.88,9.62,9.71,9.76,-0.02,-0.2049,1.3299,911560,8889973.4,1402560000.0,667618560.0
2018-11-23,'300640,德艺文创,9.76,10.47,9.7,10.43,10.41,-0.65,-6.244,3.2516,2228780,22350950.8,1405440000.0,668989440.0
2018-11-22,'300640,德艺文创,10.41,10.56,10.4,10.52,10.5,-0.09,-0.8571,1.9677,1348720,14139927.4,1499040000.0,713543040.0
2018-11-21,'300640,德艺文创,10.5,10.52,10.33,10.33,10.41,0.09,0.8646,2.2863,1567140,16346274.0,1512000000.0,719712000.0
2018-11-20,'300640,德艺文创,10.41,10.82,10.36,10.82,10.86,-0.45,-4.1436,2.7896,1912070,20235225.84,1499040000.0,713543040.0
2018-11-19,'300640,德艺文创,10.86,10.93,10.61,10.8,10.85,0.01,0.0922,3.8987,2672326,28673670.2,1563840000.0,744387840.0
2018-11-16,'300640,德艺文创,10.85,11.25,10.82,10.99,11.0,-0.15,-1.3636,5.4461,3732980,40840476.92,1562400000.0,743702400.0
2018-11-15,'300640,德艺文创,11.0,11.08,10.65,10.82,10.8,0.2,1.8519,6.0038,4115240,44774477.4,1584000000.0,753984000.0
2018-11-14,'300640,德艺文创,10.8,10.9,10.47,10.69,10.73,0.07,0.6524,5.4641,3745314,40007205.43,1555200000.0,740275200.0
2018-11-13,'300640,德艺文创,10.73,10.84,10.2,10.28,10.42,0.31,2.975,7.0473,4830489,51382235.63,1545120000.0,735477120.0
2018-11-12,'300640,德艺文创,10.42,10.46,10.0,10.0,10.2,0.22,2.1569,5.1709,3544320,36510912.2,1500480000.0,714228480.0
2018-11-09,'300640,德艺文创,10.2,10.36,9.8,9.9,9.95,0.25,2.5126,5.5346,3793660,38322635.8,1468800000.0,699148800.0
2018-11-08,'300640,德艺文创,9.95,10.2,9.84,9.93,9.9,0.05,0.5051,2.8152,1929640,19295165.72,1432800000.0,682012800.0
2018-11-07,'300640,德艺文创,9.9,9.96,9.82,9.82,9.91,-0.01,-0.1009,2.1596,1480300,14644671.4,1425600000.0,678585600.0
2018-11-06,'300640,德艺文创,9.91,10.07,9.74,10.07,10.11,-0.2,-1.9782,2.8834,1976380,19478055.6,1427040000.0,679271040.0
2018-11-05,'300640,德艺文创,10.11,10.25,9.88,10.03,10.0,0.11,1.1,4.334,2970700,29947567.0,1455840000.0,692979840.0
2018-11-02,'300640,德艺文创,10.0,10.07,9.79,9.8,9.77,0.23,2.3541,4.1018,2811560,27927956.6,1440000000.0,685440000.0
2018-11-01,'300640,德艺文创,9.77,10.27,9.77,9.89,9.81,-0.04,-0.4077,5.8911,4037981,40140222.92,1406880000.0,669674880.0
2018-10-31,'300640,德艺文创,9.81,9.98,9.72,9.72,9.72,0.09,0.9259,3.1793,2179220,21461745.6,1412640000.0,672416640.0
2018-10-30,'300640,德艺文创,9.72,9.81,9.33,9.33,9.63,0.09,0.9346,2.3256,1594040,15416097.8,1399680000.0,666247680.0
2018-10-29,'300640,德艺文创,9.63,9.76,9.5,9.63,9.86,-0.23,-2.3327,2.6428,1811466,17459900.32,1386720000.0,660078720.0
2018-10-26,'300640,德艺文创,9.86,9.99,9.56,9.87,9.57,0.29,3.0303,4.4201,3029680,29630773.2,1419840000.0,675843840.0
2018-10-25,'300640,德艺文创,9.57,9.59,9.18,9.2,9.62,-0.05,-0.5198,3.1306,2145848,20083851.44,1378080000.0,655966080.0
2018-10-24,'300640,德艺文创,9.62,9.99,9.55,9.58,9.8,-0.18,-1.8367,4.3431,2976960,29054879.4,1385280000.0,659393280.0
2018-10-23,'300640,德艺文创,9.8,10.44,9.72,9.82,9.9,-0.1,-1.0101,6.2545,4287080,42909535.0,1411200000.0,671731200.0
2018-10-22,'300640,德艺文创,9.9,9.98,9.42,9.6,9.5,0.4,4.2105,6.3077,4323570,42226433.8,1425600000.0,678585600.0
2018-10-19,'300640,德艺文创,9.5,9.55,9.05,9.12,9.34,0.16,1.7131,4.6781,3206590,29979288.9,1368000000.0,651168000.0
2018-10-18,'300640,德艺文创,9.34,9.55,9.0,9.38,9.55,-0.21,-2.199,4.5759,3136500,29069725.8,1344960000.0,640200960.0
2018-10-17,'300640,德艺文创,9.55,9.67,9.23,9.53,9.45,0.1,1.0582,5.2812,3619930,34359029.3,1375200000.0,654595200.0
2018-10-16,'300640,德艺文创,9.45,9.62,9.05,9.5,9.88,-0.43,-4.3522,6.3002,4318430,40491005.3,1360800000.0,647740800.0
2018-10-15,'300640,德艺文创,9.88,10.31,9.75,10.24,9.92,-0.04,-0.4032,8.2566,5659390,56715741.3,1422720000.0,677214720.0
2018-10-12,'300640,德艺文创,9.92,9.92,8.77,8.9,9.02,0.9,9.9778,6.7226,4607910,44289649.0,1428480000.0,679956480.0
2018-10-11,'300640,德艺文创,9.02,9.97,8.97,9.68,9.97,-0.95,-9.5286,4.301,2948080,27880779.6,1298880000.0,618266880.0
2018-10-10,'300640,德艺文创,9.97,9.98,9.7,9.73,9.78,0.19,1.9427,3.237,2218760,21913309.4,1435680000.0,683383680.0
2018-10-09,'300640,德艺文创,9.78,10.08,9.7,9.92,9.63,0.15,1.5576,2.9339,2010980,19845101.4,1408320000.0,670360320.0
2018-10-08,'300640,德艺文创,9.63,9.94,9.54,9.9,9.97,-0.34,-3.4102,2.1833,1496500,14570168.0,1386720000.0,660078720.0
2018-09-28,'300640,德艺文创,9.97,10.06,9.85,9.85,9.84,0.13,1.3211,1.8836,1291066,12870375.68,1435680000.0,683383680.0
2018-09-27,'300640,德艺文创,9.84,10.27,9.82,10.25,10.27,-0.43,-4.187,3.3614,2304040,23123474.88,1416960000.0,674472960.0
2018-09-26,'300640,德艺文创,10.27,10.32,10.15,10.23,10.17,0.1,0.9833,2.5638,1757306,17978914.5,1478880000.0,703946880.0
2018-09-25,'300640,德艺文创,10.17,10.32,10.13,10.3,10.31,-0.14,-1.3579,2.447,1677260,17128225.8,1464480000.0,697092480.0
2018-09-21,'300640,德艺文创,10.31,10.37,10.19,10.32,10.35,-0.04,-0.3865,3.6903,2529510,26012633.6,1484640000.0,706688640.0
2018-09-20,'300640,德艺文创,10.35,10.38,10.01,10.11,10.17,0.18,1.7699,4.4027,3017760,30836355.0,1490400000.0,709430400.0
2018-09-19,'300640,德艺文创,10.17,10.39,10.08,10.24,10.18,-0.01,-0.0982,4.3612,2989330,30542230.78,1464480000.0,697092480.0
2018-09-18,'300640,德艺文创,10.18,10.22,9.88,10.02,10.04,0.14,1.3944,4.4131,3024900,30448363.0,1465920000.0,697777920.0
2018-09-17,'300640,德艺文创,10.04,10.43,10.0,10.35,10.58,-0.54,-5.104,4.6152,3163432,32210348.6,1445760000.0,688181760.0
2018-09-14,'300640,德艺文创,10.58,11.0,10.28,10.82,10.98,-0.4,-3.643,8.5528,5862449,61915958.87,1523520000.0,725195520.0
2018-09-13,'300640,德艺文创,10.98,11.8,10.93,11.08,11.3,-0.32,-2.8319,10.6745,7316746,82417667.72,1581120000.0,752613120.0
2018-09-12,'300640,德艺文创,11.3,11.94,10.78,11.0,11.11,0.19,1.7102,15.4699,10603672,120632776.66,1627200000.0,774547200.0
2018-09-11,'300640,德艺文创,11.11,11.11,11.11,11.11,10.1,1.01,10.0,3.7617,2578444,28646512.84,1599840000.0,761523840.0
2018-09-10,'300640,德艺文创,10.1,10.18,9.91,10.1,10.0,0.1,1.0,3.8767,2657222,26722299.04,1454400000.0,692294400.0
2018-09-07,'300640,德艺文创,10.0,10.26,9.95,9.99,9.95,0.05,0.5025,2.9633,2031140,20541198.0,1440000000.0,685440000.0
2018-09-06,'300640,德艺文创,9.95,10.18,9.88,10.07,10.03,-0.08,-0.7976,1.4672,1005700,10055289.6,1432800000.0,682012800.0
2018-09-05,'300640,德艺文创,10.03,10.3,10.03,10.24,10.24,-0.21,-2.0508,1.2879,882800,8966164.4,1444320000.0,687496320.0
2018-09-04,'300640,德艺文创,10.24,10.29,10.03,10.12,10.08,0.16,1.5873,1.6037,1099206,11206887.62,1474560000.0,701890560.0
2018-09-03,'300640,德艺文创,10.08,10.35,9.8,10.35,10.26,-0.18,-1.7544,2.0557,1409080,14086848.6,1451520000.0,690923520.0
2018-08-31,'300640,德艺文创,10.26,10.46,10.19,10.41,10.38,-0.12,-1.1561,1.5064,1032519,10680300.81,1477440000.0,703261440.0
2018-08-30,'300640,德艺文创,10.38,10.74,10.34,10.68,10.79,-0.41,-3.7998,2.367,1622441,17014371.58,1494720000.0,711486720.0
2018-08-29,'300640,德艺文创,10.79,10.88,10.64,10.64,10.76,0.03,0.2788,1.6101,1103649,11924313.68,1553760000.0,739589760.0
2018-08-28,'300640,德艺文创,10.76,10.88,10.7,10.88,10.95,-0.19,-1.7352,2.2863,1567150,16904706.26,1549440000.0,737533440.0
2018-08-27,'300640,德艺文创,10.95,10.95,10.58,10.7,10.64,0.31,2.9135,1.7584,1205260,13032113.4,1576800000.0,750556800.0
2018-08-24,'300640,德艺文创,10.64,10.83,10.55,10.76,10.72,-0.08,-0.7463,1.7864,1224480,13089524.8,1532160000.0,729308160.0
2018-08-23,'300640,德艺文创,10.72,10.85,10.52,10.62,10.5,0.22,2.0952,1.9109,1309780,14011482.2,1543680000.0,734791680.0
2018-08-22,'300640,德艺文创,10.5,10.93,10.48,10.79,10.72,-0.22,-2.0522,1.7173,1177120,12617931.8,1512000000.0,719712000.0
2018-08-21,'300640,德艺文创,10.72,10.95,10.59,10.62,10.68,0.04,0.3745,1.8089,1239920,13351781.86,1543680000.0,734791680.0
2018-08-20,'300640,德艺文创,10.68,10.79,10.28,10.47,10.5,0.18,1.7143,1.8601,1274960,13448532.2,1537920000.0,732049920.0
2018-08-17,'300640,德艺文创,10.5,11.17,10.11,11.06,10.95,-0.45,-4.1096,2.5,1713600,18532448.4,1512000000.0,719712000.0
2018-08-16,'300640,德艺文创,10.95,11.28,10.6,11.1,11.32,-0.37,-3.2686,3.0285,2075860,22878217.2,1576800000.0,750556800.0
2018-08-15,'300640,德艺文创,11.32,11.7,11.1,11.3,11.3,0.02,0.177,4.0755,2793480,31926492.6,1630080000.0,775918080.0
2018-08-14,'300640,德艺文创,11.3,11.5,11.23,11.42,11.4,-0.1,-0.8772,1.5781,1081700,12263898.0,1627200000.0,774547200.0
2018-08-13,'300640,德艺文创,11.4,11.5,11.03,11.19,11.34,0.06,0.5291,2.3716,1625600,18246954.0,1641600000.0,781401600.0
2018-08-10,'300640,德艺文创,11.34,11.39,11.06,11.18,11.18,0.16,1.4311,2.5454,1744720,19636664.4,1632960000.0,777288960.0
2018-08-09,'300640,德艺文创,11.18,11.34,10.77,10.82,10.83,0.35,3.2318,2.5925,1777020,19829323.6,1609920000.0,766321920.0
2018-08-08,'300640,德艺文创,10.83,11.16,10.71,11.14,11.12,-0.29,-2.6079,2.3252,1593800,17452684.8,1559520000.0,742331520.0
2018-08-07,'300640,德艺文创,11.12,11.15,10.59,10.98,10.71,0.41,3.8282,2.7373,1876240,20487836.6,1601280000.0,762209280.0
2018-08-06,'300640,德艺文创,10.71,11.36,10.62,11.34,11.43,-0.72,-6.2992,2.765,1895240,20915793.2,1542240000.0,734106240.0
2018-08-03,'300640,德艺文创,11.43,11.84,11.4,11.74,11.7,-0.27,-2.3077,1.9051,1305805,15189436.3,1645920000.0,783457920.0
2018-08-02,'300640,德艺文创,11.7,12.37,11.25,12.37,12.4,-0.7,-5.6452,4.3256,2964920,34707583.8,1684800000.0,801964800.0
2018-08-01,'300640,德艺文创,12.4,12.77,12.4,12.62,12.68,-0.28,-2.2082,3.1353,2149030,27159994.6,1785600000.0,849945600.0
2018-07-31,'300640,德艺文创,12.68,12.83,12.41,12.47,12.58,0.1,0.7949,2.4013,1645970,20770759.4,1825920000.0,869137920.0
2018-07-30,'300640,德艺文创,12.58,12.69,12.39,12.69,12.88,-0.3,-2.3292,3.5947,2463950,30838808.5,1811520000.0,862283520.0
2018-07-27,'300640,德艺文创,12.88,13.33,12.8,12.98,12.88,0.0,0.0,4.711,3229125,42262464.7,1854720000.0,882846720.0
2018-07-26,'300640,德艺文创,12.88,13.25,12.67,13.15,13.2,-0.32,-2.4242,5.0888,3488085,44808530.7,1854720000.0,882846720.0
2018-07-25,'300640,德艺文创,13.2,13.77,13.09,13.77,13.56,-0.36,-2.6549,6.5399,4482700,59851518.4,1900800000.0,904780800.0
2018-07-24,'300640,德艺文创,13.56,13.7,13.26,13.6,13.4,0.16,1.194,7.2396,4962280,67205785.0,1952640000.0,929456640.0
2018-07-23,'300640,德艺文创,13.4,13.6,13.06,13.6,13.73,-0.33,-2.4035,7.0351,4822160,64153958.2,1929600000.0,918489600.0
2018-07-20,'300640,德艺文创,13.73,13.85,13.4,13.5,14.08,-0.35,-2.4858,10.8068,7407408,100636332.56,1977120000.0,941109120.0
2018-07-19,'300640,德艺文创,14.08,14.5,13.28,13.48,13.66,0.42,3.0747,14.5371,9964328,139562260.16,2027520000.0,965099520.0
2018-07-18,'300640,德艺文创,13.66,14.6,13.55,13.7,13.37,0.29,2.169,13.9704,9575845,132933175.2,1967040000.0,936311040.0
2018-07-17,'300640,德艺文创,13.37,13.45,13.07,13.32,13.45,-0.08,-0.5948,5.3975,3699665,49074421.55,1925280000.0,916433280.0
2018-07-16,'300640,德艺文创,13.45,13.45,12.7,13.2,13.39,0.06,0.4481,7.1347,4890425,64049676.7,1936800000.0,921916800.0
2018-07-13,'300640,德艺文创,13.39,13.75,13.19,13.6,13.76,-0.37,-2.689,11.2373,7702465,103523557.15,1928160000.0,917804160.0
2018-07-12,'300640,德艺文创,13.76,13.76,12.6,12.68,12.51,1.25,9.992,7.2409,4963185,67001871.0,1981440000.0,943165440.0
2018-07-11,'300640,德艺文创,12.51,13.05,12.03,13.03,13.25,-0.74,-5.5849,6.5023,4456959,56266043.96,1801440000.0,857485440.0
2018-07-10,'300640,德艺文创,13.25,13.3,12.61,12.76,12.84,0.41,3.1931,8.4296,5777999,75259450.02,1908000000.0,908208000.0
2018-07-09,'300640,德艺文创,12.84,12.9,12.38,12.4,12.37,0.47,3.7995,6.0046,4115779,52205206.72,1848960000.0,880104960.0
2018-07-06,'300640,德艺文创,12.37,12.77,12.0,12.48,12.53,-0.16,-1.2769,6.991,4791879,59706292.67,1781280000.0,847889280.0
2018-07-05,'300640,德艺文创,12.53,13.39,12.38,13.31,13.6,-1.07,-7.8676,8.2235,5636720,73279605.0,1804320000.0,858856320.0
2018-07-04,'300640,德艺文创,13.6,14.07,13.03,14.07,14.12,-0.52,-3.6827,15.4164,10567020,144039789.83,1958400000.0,932198400.0
2018-07-03,'300640,德艺文创,14.12,14.12,12.99,12.99,12.84,1.28,9.9688,7.8145,5356379,74470918.01,2033280000.0,967841280.0
2018-07-02,'300640,德艺文创,12.84,13.17,12.36,13.14,13.18,-0.34,-2.5797,9.6873,6640040,84545274.6,1848960000.0,880104960.0
2018-06-29,'300640,德艺文创,13.18,13.59,12.8,13.06,13.38,-0.2,-1.4948,12.0201,8239080,108629300.2,1897920000.0,903409920.0
2018-06-28,'300640,德艺文创,13.38,13.46,12.33,12.71,12.95,0.43,3.3205,10.7847,7392260,96625946.2,1926720000.0,917118720.0
2018-06-27,'300640,德艺文创,12.95,13.96,12.81,13.23,12.99,-0.04,-0.3079,7.527,5159320,68382369.6,1864800000.0,887644800.0
2018-06-26,'300640,德艺文创,12.99,13.3,12.66,12.79,13.3,-0.31,-2.3308,6.8944,4725728,61390153.52,1870560000.0,890386560.0
2018-06-25,'300640,德艺文创,13.3,13.64,13.05,13.56,13.58,-0.28,-2.0619,8.6231,5910648,78839403.96,1915200000.0,911635200.0
2018-06-22,'300640,德艺文创,13.58,14.3,13.24,13.55,13.27,0.31,2.3361,13.4791,9239133,126757956.25,1955520000.0,930827520.0
2018-06-21,'300640,德艺文创,13.27,13.27,12.3,12.69,12.06,1.21,10.0332,8.3784,5742905,74910438.75,1910880000.0,909578880.0
2018-06-20,'300640,德艺文创,12.06,12.34,11.6,11.91,11.88,0.18,1.5152,5.781,3962520,47912184.8,1736640000.0,826640640.0
2018-06-19,'300640,德艺文创,11.88,13.06,11.88,12.9,13.2,-1.32,-10.0,6.031,4133900,51079113.6,1710720000.0,814302720.0
2018-06-15,'300640,德艺文创,13.2,14.48,12.69,14.27,14.1,-0.9,-6.383,9.5113,6519440,87315094.0,1900800000.0,904780800.0
2018-06-14,'300640,德艺文创,14.1,15.29,14.06,15.28,15.62,-1.52,-9.7311,14.0076,9601380,139630439.4,2030400000.0,966470400.0
2018-06-13,'300640,德艺文创,15.62,17.86,15.62,17.86,17.35,-1.73,-9.9712,14.6589,10047763,164525272.52,2249280000.0,1070657280.0
2018-06-12,'300640,德艺文创,17.35,18.63,16.42,17.67,16.94,0.41,2.4203,15.4046,10558940,185862754.0,2498400000.0,1189238400.0
2018-06-11,'300640,德艺文创,16.94,17.95,16.0,17.6,17.26,-0.32,-1.854,11.3664,7790960,133050311.6,2439360000.0,1161135360.0
2018-06-08,'300640,德艺文创,17.26,17.57,16.55,16.55,17.29,-0.03,-0.1735,9.9004,6786160,116356932.0,2485440000.0,1183069440.0
2018-06-07,'300640,德艺文创,31.37,32.89,30.72,32.34,32.43,-1.06,-3.2686,11.865,4518203,141951304.52,2509600000.0,1194569600.0
2018-06-06,'300640,德艺文创,32.43,33.8,31.06,31.06,31.48,0.95,3.0178,12.8472,4892200,158805640.0,2594400000.0,1234934400.0
2018-06-05,'300640,德艺文创,31.48,31.5,29.9,30.17,29.91,1.57,5.2491,12.5919,4795010,147517008.02,2518400000.0,1198758400.0
2018-06-04,'300640,德艺文创,29.91,31.1,29.01,29.82,30.22,-0.31,-1.0258,13.9223,5301603,158559516.61,2392800000.0,1138972800.0
2018-06-01,'300640,德艺文创,30.22,30.22,27.7,28.2,27.47,2.75,10.0109,17.2539,6570290,194641118.23,2417600000.0,1150777600.0
2018-05-31,'300640,德艺文创,27.47,28.0,25.94,26.0,25.45,2.02,7.9371,9.4431,3595936,96968096.13,2197600000.0,1046057600.0
2018-05-30,'300640,德艺文创,25.45,27.87,25.35,27.45,28.12,-2.67,-9.495,4.9984,1903400,50673302.15,2036000000.0,969136000.0
2018-05-29,'300640,德艺文创,28.12,29.5,27.98,28.11,28.4,-0.28,-0.9859,5.0964,1940700,56050054.43,2249600000.0,1070809600.0
2018-05-28,'300640,德艺文创,28.4,28.9,27.52,28.43,28.18,0.22,0.7807,4.8613,1851193,52430391.8,2272000000.0,1081472000.0
2018-05-25,'300640,德艺文创,28.18,28.67,27.5,27.51,27.8,0.38,1.3669,4.1638,1585593,44738960.49,2254400000.0,1073094400.0
2018-05-24,'300640,德艺文创,27.8,28.7,27.4,28.47,28.5,-0.7,-2.4561,4.466,1700657,47615981.95,2224000000.0,1058624000.0
2018-05-23,'300640,德艺文创,28.5,29.0,27.91,27.92,28.06,0.44,1.5681,7.0813,2696557,77078153.43,2280000000.0,1085280000.0
2018-05-22,'300640,德艺文创,28.06,28.28,27.43,27.61,27.64,0.42,1.5195,4.9322,1878200,52589740.47,2244800000.0,1068524800.0
2018-05-21,'300640,德艺文创,27.64,28.39,27.07,27.13,26.99,0.65,2.4083,5.0649,1928700,53572489.0,2211200000.0,1052531200.0
2018-05-18,'300640,德艺文创,26.99,26.99,26.48,26.77,26.89,0.1,0.3719,2.7967,1065000,28480779.0,2159200000.0,1027779200.0
2018-05-17,'300640,德艺文创,26.89,27.15,26.33,26.33,26.55,0.34,1.2806,3.4821,1325990,35600529.7,2151200000.0,1023971200.0
2018-05-16,'300640,德艺文创,26.55,26.87,26.3,26.32,26.61,-0.06,-0.2255,4.0451,1540373,41070900.15,2124000000.0,1011024000.0
2018-05-15,'300640,德艺文创,26.61,26.69,25.55,25.55,25.57,1.04,4.0673,3.7229,1417680,37302551.5,2128800000.0,1013308800.0
2018-05-14,'300640,德艺文创,25.57,26.68,25.39,26.07,26.39,-0.82,-3.1072,3.3083,1259800,32879757.0,2045600000.0,973705600.0
2018-05-11,'300640,德艺文创,26.39,27.5,26.39,27.5,27.11,-0.72,-2.6558,5.13,1953500,52126805.91,2111200000.0,1004931200.0
2018-05-10,'300640,德艺文创,27.11,27.36,26.3,26.3,26.3,0.81,3.0798,7.7353,2945603,79177789.39,2168800000.0,1032348800.0
2018-05-09,'300640,德艺文创,26.3,26.66,25.88,26.45,26.44,-0.14,-0.5295,5.9837,2278603,59862003.71,2104000000.0,1001504000.0
2018-05-08,'300640,德艺文创,26.44,26.85,25.53,25.8,25.53,0.91,3.5644,9.1295,3476509,90883036.38,2115200000.0,1006835200.0
2018-05-07,'300640,德艺文创,25.53,25.89,24.6,24.6,24.83,0.7,2.8192,7.5286,2866883,73210465.31,2042400000.0,972182400.0
2018-05-04,'300640,德艺文创,24.83,25.66,24.73,25.15,25.45,-0.62,-2.4361,7.6875,2927409,73449817.71,1986400000.0,945526400.0
2018-05-03,'300640,德艺文创,25.45,25.98,24.1,24.26,24.2,1.25,5.1653,9.2317,3515446,87936221.4,2036000000.0,969136000.0
2018-05-02,'300640,德艺文创,24.2,26.19,24.0,25.55,26.67,-2.47,-9.2613,12.4546,4742699,118566186.77,1936000000.0,921536000.0
2018-04-27,'300640,德艺文创,26.67,27.98,26.67,27.63,29.63,-2.96,-9.9899,11.4725,4368709,118196455.03,2133600000.0,1015593600.0
2018-04-26,'300640,德艺文创,29.63,29.63,26.0,26.94,26.94,2.69,9.9852,24.2931,9250820,259664384.0,2370400000.0,1128310400.0
2018-04-25,'300640,德艺文创,26.94,26.94,26.94,26.94,24.49,2.45,10.0041,1.8645,709999,19127373.06,2155200000.0,1025875200.0
2018-04-24,'300640,德艺文创,24.49,24.49,24.49,24.49,22.26,2.23,10.018,0.4514,171900,4209831.0,1959200000.0,932579200.0
2018-04-23,'300640,德艺文创,22.26,22.42,21.32,21.9,22.2,0.06,0.2703,1.0415,396590,8743523.0,1780800000.0,847660800.0
2018-04-20,'300640,德艺文创,22.2,23.26,21.8,23.08,23.08,-0.88,-3.8128,1.1996,456810,10307821.1,1776000000.0,845376000.0
2018-04-19,'300640,德艺文创,23.08,23.4,22.84,22.84,23.34,-0.26,-1.114,1.1197,426390,9881716.4,1846400000.0,878886400.0
2018-04-18,'300640,德艺文创,23.34,23.8,21.3,22.82,22.8,0.54,2.3684,2.9519,1124090,25540021.2,1867200000.0,888787200.0
2018-04-17,'300640,德艺文创,22.8,24.74,22.22,23.8,23.87,-1.07,-4.4826,2.7432,1044600,24943736.0,1824000000.0,868224000.0
2018-04-16,'300640,德艺文创,23.87,25.32,23.68,25.15,25.32,-1.45,-5.7267,7.5663,1513263,36712273.65,1909600000.0,477400000.0
2018-04-13,'300640,德艺文创,25.32,25.35,24.82,25.2,25.27,0.05,0.1979,5.341,1068200,26777608.0,2025600000.0,506400000.0
2018-04-12,'300640,德艺文创,25.27,25.35,24.5,24.89,25.0,0.27,1.08,8.3115,1662300,41711214.0,2021600000.0,505400000.0
2018-04-11,'300640,德艺文创,25.0,25.77,23.63,24.0,23.69,1.31,5.5298,10.8422,2168437,53949107.09,2000000000.0,500000000.0
2018-04-10,'300640,德艺文创,23.69,23.98,22.86,23.67,24.22,-0.53,-2.1883,6.8187,1363731,32031944.59,1895200000.0,473800000.0
2018-04-09,'300640,德艺文创,24.22,24.3,23.66,24.3,23.66,0.56,2.3669,6.1286,1225720,29501567.58,1937600000.0,484400000.0
2018-04-04,'300640,德艺文创,23.66,24.36,23.5,23.93,23.9,-0.24,-1.0042,6.2055,1241106,29813078.34,1892800000.0,473200000.0
2018-04-03,'300640,德艺文创,23.9,24.12,23.61,23.88,24.18,-0.28,-1.158,3.9489,789776,18784797.36,1912000000.0,478000000.0
2018-04-02,'300640,德艺文创,24.18,24.48,23.6,23.6,23.72,0.46,1.9393,6.6945,1338900,32035078.0,1934400000.0,483600000.0
2018-03-30,'300640,德艺文创,23.72,23.86,23.32,23.81,23.71,0.01,0.0422,5.85,1169994,27620096.8,1897600000.0,474400000.0
2018-03-29,'300640,德艺文创,23.71,24.0,23.21,23.52,23.51,0.2,0.8507,5.3229,1064586,25116046.46,1896800000.0,474200000.0
2018-03-28,'300640,德艺文创,23.51,24.3,23.0,23.01,23.8,-0.29,-1.2185,8.7434,1748676,41326827.0,1880800000.0,470200000.0
2018-03-27,'300640,德艺文创,23.8,24.3,23.09,23.1,23.5,0.3,1.2766,11.435,2287006,54645676.46,1904000000.0,476000000.0
2018-03-26,'300640,德艺文创,23.5,23.5,21.72,22.89,23.39,0.11,0.4703,13.168,2633600,58657473.58,1880000000.0,470000000.0
2018-03-23,'300640,德艺文创,23.39,23.39,23.39,23.39,21.26,2.13,10.0188,8.8472,1769430,41386967.7,1871200000.0,467800000.0
2018-03-22,'300640,德艺文创,0.0,0.0,0.0,0.0,21.26,None,None,0.0,0,0.0,1700800000.0,425200000.0
2018-03-21,'300640,德艺文创,0.0,0.0,0.0,0.0,21.26,None,None,0.0,0,0.0,1700800000.0,425200000.0
2018-03-20,'300640,德艺文创,0.0,0.0,0.0,0.0,21.26,None,None,0.0,0,0.0,1700800000.0,425200000.0
2018-03-19,'300640,德艺文创,0.0,0.0,0.0,0.0,21.26,None,None,0.0,0,0.0,1700800000.0,425200000.0
2018-03-16,'300640,德艺文创,0.0,0.0,0.0,0.0,21.26,None,None,0.0,0,0.0,1700800000.0,425200000.0
2018-03-15,'300640,德艺文创,0.0,0.0,0.0,0.0,21.26,None,None,0.0,0,0.0,1700800000.0,425200000.0
2018-03-14,'300640,德艺文创,0.0,0.0,0.0,0.0,21.26,None,None,0.0,0,0.0,1700800000.0,425200000.0
2018-03-13,'300640,德艺文创,0.0,0.0,0.0,0.0,21.26,None,None,0.0,0,0.0,1700800000.0,425200000.0
2018-03-12,'300640,德艺文创,0.0,0.0,0.0,0.0,21.26,None,None,0.0,0,0.0,1700800000.0,425200000.0
2018-03-09,'300640,德艺文创,0.0,0.0,0.0,0.0,21.26,None,None,0.0,0,0.0,1700800000.0,425200000.0
2018-03-08,'300640,德艺文创,0.0,0.0,0.0,0.0,21.26,None,None,0.0,0,0.0,1700800000.0,425200000.0
2018-03-07,'300640,德艺文创,0.0,0.0,0.0,0.0,21.26,None,None,0.0,0,0.0,1700800000.0,425200000.0
2018-03-06,'300640,德艺文创,0.0,0.0,0.0,0.0,21.26,None,None,0.0,0,0.0,1700800000.0,425200000.0
2018-03-05,'300640,德艺文创,0.0,0.0,0.0,0.0,21.26,None,None,0.0,0,0.0,1700800000.0,425200000.0
2018-03-02,'300640,德艺文创,0.0,0.0,0.0,0.0,21.26,None,None,0.0,0,0.0,1700800000.0,425200000.0
2018-03-01,'300640,德艺文创,0.0,0.0,0.0,0.0,21.26,None,None,0.0,0,0.0,1700800000.0,425200000.0
2018-02-28,'300640,德艺文创,0.0,0.0,0.0,0.0,21.26,None,None,0.0,0,0.0,1700800000.0,425200000.0
2018-02-27,'300640,德艺文创,0.0,0.0,0.0,0.0,21.26,None,None,0.0,0,0.0,1700800000.0,425200000.0
2018-02-26,'300640,德艺文创,0.0,0.0,0.0,0.0,21.26,None,None,0.0,0,0.0,1700800000.0,425200000.0
2018-02-23,'300640,德艺文创,21.26,22.17,20.36,20.36,20.63,0.63,3.0538,3.201,640194,13661334.06,1700800000.0,425200000.0
2018-02-22,'300640,德艺文创,20.63,20.92,19.0,20.67,20.76,-0.13,-0.6262,1.2855,257094,5305722.44,1650400000.0,412600000.0
2018-02-14,'300640,德艺文创,20.76,20.86,20.4,20.51,20.6,0.16,0.7767,1.9395,387900,8018412.0,1660800000.0,415200000.0
2018-02-13,'300640,德艺文创,20.6,20.69,20.51,20.51,20.54,0.06,0.2921,2.018,403600,8310311.0,1648000000.0,412000000.0
2018-02-12,'300640,德艺文创,20.54,20.8,19.68,19.88,19.62,0.92,4.6891,2.26,451994,9226506.12,1643200000.0,410800000.0
2018-02-09,'300640,德艺文创,19.62,20.17,19.06,20.05,20.59,-0.97,-4.711,1.9437,388732,7640128.72,1569600000.0,392400000.0
2018-02-08,'300640,德艺文创,20.59,20.82,20.29,20.47,20.5,0.09,0.439,1.5795,315900,6528343.0,1647200000.0,411800000.0
2018-02-07,'300640,德艺文创,20.5,21.3,19.53,21.01,20.57,-0.07,-0.3403,2.3699,473976,9724812.24,1640000000.0,410000000.0
2018-02-06,'300640,德艺文创,20.57,22.78,20.57,22.75,22.86,-2.29,-10.0175,2.7135,542700,11541746.0,1645600000.0,411400000.0
2018-02-05,'300640,德艺文创,22.86,23.04,22.53,22.8,23.05,-0.19,-0.8243,0.9995,199900,4562730.0,1828800000.0,457200000.0
2018-02-02,'300640,德艺文创,23.05,23.88,22.51,23.88,23.83,-0.78,-3.2732,2.0705,414106,9565849.28,1844000000.0,461000000.0
2018-02-01,'300640,德艺文创,23.83,24.89,22.51,24.2,24.46,-0.63,-2.5756,3.2875,657500,15868288.0,1906400000.0,476600000.0
2018-01-31,'300640,德艺文创,24.46,25.05,24.25,24.36,25.09,-0.63,-2.511,3.39,678000,16678827.0,1956800000.0,489200000.0
2018-01-30,'300640,德艺文创,25.09,25.4,24.5,24.59,24.59,0.5,2.0333,2.7765,555300,13862209.0,2007200000.0,501800000.0
2018-01-29,'300640,德艺文创,24.59,25.23,24.5,24.69,24.89,-0.3,-1.2053,1.7955,359100,8863980.0,1967200000.0,491800000.0
2018-01-26,'300640,德艺文创,24.89,25.63,24.85,25.23,25.28,-0.39,-1.5427,2.38,476000,12047665.0,1991200000.0,497800000.0
2018-01-25,'300640,德艺文创,25.28,25.95,25.19,25.6,25.66,-0.38,-1.4809,3.115,623000,15990107.0,2022400000.0,505600000.0
2018-01-24,'300640,德艺文创,25.66,25.9,25.25,25.31,25.41,0.25,0.9839,3.677,735399,18863270.3,2052800000.0,513200000.0
2018-01-23,'300640,德艺文创,25.41,25.45,24.78,24.99,25.0,0.41,1.64,2.554,510800,12865384.0,2032800000.0,508200000.0
2018-01-22,'300640,德艺文创,25.0,25.15,24.01,24.98,25.11,-0.11,-0.4381,2.0665,413300,10235258.0,2000000000.0,500000000.0
2018-01-19,'300640,德艺文创,25.11,25.58,25.04,25.2,25.43,-0.32,-1.2584,2.5855,517100,13105339.0,2008800000.0,502200000.0
2018-01-18,'300640,德艺文创,25.43,25.55,24.95,24.98,25.0,0.43,1.72,4.6775,935500,23576440.0,2034400000.0,508600000.0
2018-01-17,'300640,德艺文创,25.0,25.15,24.3,24.85,24.78,0.22,0.8878,4.156,831200,20626352.0,2000000000.0,500000000.0
2018-01-16,'300640,德艺文创,24.78,24.91,24.16,24.3,24.16,0.62,2.5662,3.431,686200,16823872.0,1982400000.0,495600000.0
2018-01-15,'300640,德艺文创,24.16,25.1,24.0,24.9,25.08,-0.92,-3.6683,3.206,641200,15641174.0,1932800000.0,483200000.0
2018-01-12,'300640,德艺文创,25.08,25.44,25.0,25.27,25.27,-0.19,-0.7519,2.1985,439700,11063374.0,2006400000.0,501600000.0
2018-01-11,'300640,德艺文创,25.27,25.36,24.6,24.88,24.8,0.47,1.8952,3.0975,619500,15540799.0,2021600000.0,505400000.0
2018-01-10,'300640,德艺文创,24.8,25.41,24.51,25.32,25.5,-0.7,-2.7451,2.9639,592780,14759936.0,1984000000.0,496000000.0
2018-01-09,'300640,德艺文创,25.5,25.68,25.33,25.55,25.55,-0.05,-0.1957,1.9625,392500,10010729.0,2040000000.0,510000000.0
2018-01-08,'300640,德艺文创,25.55,25.69,25.15,25.53,25.6,-0.05,-0.1953,1.8689,373780,9485948.0,2044000000.0,511000000.0
2018-01-05,'300640,德艺文创,25.6,25.78,25.45,25.6,25.6,0.0,0.0,1.7084,341680,8736000.2,2048000000.0,512000000.0
2018-01-04,'300640,德艺文创,25.6,25.73,25.35,25.61,25.68,-0.08,-0.3115,2.1025,420500,10770983.0,2048000000.0,512000000.0
2018-01-03,'300640,德艺文创,25.68,25.8,25.31,25.61,25.59,0.09,0.3517,2.7339,546780,13970930.4,2054400000.0,513600000.0
2018-01-02,'300640,德艺文创,25.59,25.77,25.35,25.35,25.55,0.04,0.1566,1.9155,383099,9776901.45,2047200000.0,511800000.0
