日期,股票代码,名称,收盘价,最高价,最低价,开盘价,前收盘,涨跌额,涨跌幅,换手率,成交量,成交金额,总市值,流通市值
2019-04-26,'600869,智慧能源,5.26,5.35,5.14,5.23,5.25,0.01,0.1905,0.6891,15293956,80517440.0,11673795444.0,11673795444.0
2019-04-25,'600869,智慧能源,5.25,5.55,5.2,5.53,5.6,-0.35,-6.25,1.2972,28790211,155432039.0,11651601916.5,11651601916.5
2019-04-24,'600869,智慧能源,5.6,5.61,5.46,5.5,5.5,0.1,1.8182,0.7421,16470800,91180886.0,12428375377.6,12428375377.6
2019-04-23,'600869,智慧能源,5.5,5.69,5.48,5.69,5.69,-0.19,-3.3392,1.1861,26324241,146120806.0,12206440103.0,12206440103.0
2019-04-22,'600869,智慧能源,5.69,5.93,5.63,5.92,5.92,-0.23,-3.8851,2.1731,48227987,277892122.0,12628117124.7,12628117124.7
2019-04-19,'600869,智慧能源,5.92,5.92,5.6,5.61,5.66,0.26,4.5936,3.0727,68194342,396380535.0,13138568256.3,13138568256.3
2019-04-18,'600869,智慧能源,5.66,5.75,5.6,5.62,5.68,-0.02,-0.3521,0.9494,21070859,119283401.0,12561536542.4,12561536542.4
2019-04-17,'600869,智慧能源,5.68,5.85,5.65,5.73,5.72,-0.04,-0.6993,1.3222,29344060,167925604.0,12605923597.3,12605923597.3
2019-04-16,'600869,智慧能源,5.72,5.75,5.51,5.58,5.6,0.12,2.1429,1.5924,35341294,199396232.0,12694697707.1,12694697707.1
2019-04-15,'600869,智慧能源,5.6,5.82,5.47,5.48,5.44,0.16,2.9412,1.9268,42762975,240745274.0,12428375377.6,12428375377.6
2019-04-12,'600869,智慧能源,5.44,5.45,5.4,5.45,5.44,0.0,0.0,0.4674,10372675,56227960.0,12073278938.2,12073278938.2
2019-04-11,'600869,智慧能源,5.44,5.48,5.41,5.46,5.45,-0.01,-0.1835,0.5213,11570556,62970454.0,12073278938.2,12073278938.2
2019-04-10,'600869,智慧能源,5.45,5.49,5.41,5.48,5.5,-0.05,-0.9091,0.5547,12310601,67045832.0,12095472465.7,12095472465.7
2019-04-09,'600869,智慧能源,5.5,5.51,5.44,5.45,5.47,0.03,0.5484,0.4771,10588038,58085745.0,12206440103.0,12206440103.0
2019-04-08,'600869,智慧能源,5.47,5.56,5.42,5.53,5.51,-0.04,-0.726,0.8052,17870000,98278974.0,12139859520.6,12139859520.6
2019-04-04,'600869,智慧能源,5.51,5.56,5.49,5.56,5.55,-0.04,-0.7207,0.6851,15204691,83917429.0,12228633630.5,12228633630.5
2019-04-03,'600869,智慧能源,5.55,5.55,5.46,5.51,5.53,0.02,0.3617,0.777,17243704,94829682.0,12317407740.3,12317407740.3
2019-04-02,'600869,智慧能源,5.53,5.61,5.51,5.59,5.56,-0.03,-0.5396,0.9948,22077600,122530681.0,12273020685.4,12273020685.4
2019-04-01,'600869,智慧能源,5.56,5.58,5.45,5.48,5.43,0.13,2.3941,0.9892,21953034,121559914.0,12339601267.8,12339601267.8
2019-03-29,'600869,智慧能源,5.43,5.44,5.26,5.34,5.31,0.12,2.2599,0.7786,17280046,92695105.0,12051085410.8,12051085410.8
2019-03-28,'600869,智慧能源,5.31,5.39,5.3,5.36,5.37,-0.06,-1.1173,0.5634,12504157,66782675.0,11784763081.3,11784763081.3
2019-03-27,'600869,智慧能源,5.37,5.39,5.3,5.34,5.33,0.04,0.7505,0.6536,14506784,77515195.0,11917924246.0,11917924246.0
2019-03-26,'600869,智慧能源,5.33,5.55,5.32,5.51,5.5,-0.17,-3.0909,0.9826,21807600,118393512.0,11829150136.2,11829150136.2
2019-03-25,'600869,智慧能源,5.5,5.59,5.47,5.55,5.67,-0.17,-2.9982,1.0351,22972627,127311342.0,12206440103.0,12206440103.0
2019-03-22,'600869,智慧能源,5.67,5.76,5.61,5.76,5.76,-0.09,-1.5625,1.0192,22620300,127891766.0,12583730069.8,12583730069.8
2019-03-21,'600869,智慧能源,5.76,5.81,5.73,5.8,5.79,-0.03,-0.5181,1.25,27742651,160155070.0,12783471817.0,12783471817.0
2019-03-20,'600869,智慧能源,5.79,5.83,5.67,5.82,5.78,0.01,0.173,1.5362,34094004,196310986.0,12850052399.3,12850052399.3
2019-03-19,'600869,智慧能源,5.78,5.84,5.65,5.67,5.68,0.1,1.7606,1.3333,29589823,169706067.0,12827858871.9,12827858871.9
2019-03-18,'600869,智慧能源,5.68,5.7,5.55,5.67,5.64,0.04,0.7092,1.0136,22494603,126633660.0,12605923597.3,12605923597.3
2019-03-15,'600869,智慧能源,5.64,5.65,5.52,5.62,5.56,0.08,1.4388,1.2344,27395770,153187687.0,12517149487.4,12517149487.4
2019-03-14,'600869,智慧能源,5.56,5.75,5.46,5.73,5.8,-0.24,-4.1379,1.8443,40931185,228799654.0,12339601267.8,12339601267.8
2019-03-13,'600869,智慧能源,5.8,6.04,5.61,5.87,6.06,-0.26,-4.2904,3.4622,76838400,450847916.0,12872245926.8,12872245926.8
2019-03-12,'600869,智慧能源,6.06,6.39,5.95,6.23,5.94,0.12,2.0202,6.4458,143055924,880827441.0,13449277640.8,13449277640.8
2019-03-11,'600869,智慧能源,5.94,5.94,5.48,5.6,5.4,0.54,10.0,3.6675,81394008,467357014.0,13182955311.2,13182955311.2
2019-03-08,'600869,智慧能源,5.4,5.73,5.4,5.55,5.69,-0.29,-5.0967,2.2268,49421106,276294073.0,11984504828.4,11984504828.4
2019-03-07,'600869,智慧能源,5.69,5.75,5.5,5.61,5.66,0.03,0.53,2.2373,49652726,278379766.0,12628117124.7,12628117124.7
2019-03-06,'600869,智慧能源,5.66,5.8,5.37,5.49,5.47,0.19,3.4735,2.6915,59734979,332065102.0,12561536542.4,12561536542.4
2019-03-05,'600869,智慧能源,5.47,5.49,5.26,5.31,5.32,0.15,2.8195,1.3249,29405198,158250700.0,12139859520.6,12139859520.6
2019-03-04,'600869,智慧能源,5.32,5.4,5.28,5.3,5.28,0.04,0.7576,1.0139,22501706,120244859.0,11806956608.7,11806956608.7
2019-03-01,'600869,智慧能源,5.28,5.33,5.22,5.32,5.31,-0.03,-0.565,0.5195,11529583,60693391.0,11718182498.9,11718182498.9
2019-02-28,'600869,智慧能源,5.31,5.33,5.26,5.29,5.31,0.0,0.0,0.5839,12958602,68568397.0,11784763081.3,11784763081.3
2019-02-27,'600869,智慧能源,5.31,5.43,5.26,5.43,5.4,-0.09,-1.6667,1.3633,30256390,161716745.0,11784763081.3,11784763081.3
2019-02-26,'600869,智慧能源,5.4,5.4,5.22,5.25,5.26,0.14,2.6616,1.7229,38237765,203088812.0,11984504828.4,11984504828.4
2019-02-25,'600869,智慧能源,5.26,5.28,5.08,5.09,5.08,0.18,3.5433,1.4489,32156758,167044496.0,11673795444.0,11673795444.0
2019-02-22,'600869,智慧能源,5.08,5.09,4.97,4.98,5.05,0.03,0.5941,0.7054,15655369,78854254.0,11274311949.7,11274311949.7
2019-02-21,'600869,智慧能源,5.05,5.19,5.01,5.12,5.15,-0.1,-1.9417,0.8012,17781100,91339646.0,11207731367.3,11207731367.3
2019-02-20,'600869,智慧能源,5.15,5.19,5.12,5.16,5.17,-0.02,-0.3868,0.604,13405400,69287583.0,11429666641.9,11429666641.9
2019-02-19,'600869,智慧能源,5.17,5.26,5.15,5.2,5.19,-0.02,-0.3854,0.9121,20243651,105136794.0,11474053696.8,11474053696.8
2019-02-18,'600869,智慧能源,5.19,5.19,5.05,5.05,5.07,0.12,2.3669,0.8885,19719065,101563993.0,11518440751.7,11518440751.7
2019-02-15,'600869,智慧能源,5.07,5.09,4.98,5.0,5.03,0.04,0.7952,0.6496,14417053,73097718.0,11252118422.2,11252118422.2
2019-02-14,'600869,智慧能源,5.03,5.09,5.02,5.05,5.05,-0.02,-0.396,0.6881,15270507,77217673.0,11163344312.4,11163344312.4
2019-02-13,'600869,智慧能源,5.05,5.07,4.96,4.96,4.97,0.08,1.6097,0.7418,16462239,82971472.0,11207731367.3,11207731367.3
2019-02-12,'600869,智慧能源,4.97,5.09,4.96,5.08,5.1,-0.13,-2.549,1.2187,27047128,135412123.0,11030183147.6,11030183147.6
2019-02-11,'600869,智慧能源,5.1,5.26,5.08,5.26,5.29,-0.19,-3.5917,1.3518,30000160,153861431.0,11318699004.6,11318699004.6
2019-02-01,'600869,智慧能源,5.29,5.32,5.06,5.12,5.1,0.19,3.7255,1.1062,24549753,126561511.0,11740376026.3,11740376026.3
2019-01-31,'600869,智慧能源,5.1,5.19,5.02,5.15,5.1,0.0,0.0,0.5223,11590877,59030179.0,11318699004.6,11318699004.6
2019-01-30,'600869,智慧能源,5.1,5.17,5.06,5.17,5.15,-0.05,-0.9709,0.5247,11644026,59482827.0,11318699004.6,11318699004.6
2019-01-29,'600869,智慧能源,5.15,5.2,5.08,5.17,5.14,0.01,0.1946,0.7253,16096165,82637305.0,11429666641.9,11429666641.9
2019-01-28,'600869,智慧能源,5.14,5.41,5.11,5.41,5.29,-0.15,-2.8355,0.9167,20343759,106042115.0,11407473114.4,11407473114.4
2019-01-25,'600869,智慧能源,5.29,5.64,5.29,5.62,5.6,-0.31,-5.5357,1.0996,24404274,132154338.0,11740376026.3,11740376026.3
2019-01-24,'600869,智慧能源,5.6,5.67,5.4,5.56,5.55,0.05,0.9009,1.6144,35829436,198917472.0,12428375377.6,12428375377.6
2019-01-23,'600869,智慧能源,5.55,5.6,5.34,5.53,5.55,0.0,0.0,1.0755,23869782,129852553.0,12317407740.3,12317407740.3
2019-01-22,'600869,智慧能源,5.55,5.65,5.26,5.46,5.5,0.05,0.9091,1.8461,40972115,222885845.0,12317407740.3,12317407740.3
2019-01-21,'600869,智慧能源,5.5,5.55,5.0,5.0,5.06,0.44,8.6957,1.7948,39833890,207200599.0,12206440103.0,12206440103.0
2019-01-18,'600869,智慧能源,5.06,5.08,4.97,4.98,5.01,0.05,0.998,0.5483,12167738,61561254.0,11229924894.8,11229924894.8
2019-01-17,'600869,智慧能源,5.01,5.1,4.97,5.03,5.04,-0.03,-0.5952,0.69,15312738,77153832.0,11118957257.5,11118957257.5
2019-01-16,'600869,智慧能源,5.04,5.18,5.04,5.18,5.17,-0.13,-2.5145,0.8866,19676725,100233184.0,11185537839.8,11185537839.8
2019-01-15,'600869,智慧能源,5.17,5.49,5.11,5.4,5.37,-0.2,-3.7244,1.0668,23676139,124537268.0,11474053696.8,11474053696.8
2019-01-14,'600869,智慧能源,5.37,5.43,5.17,5.33,5.29,0.08,1.5123,0.877,19464360,103002721.0,11917924246.0,11917924246.0
2019-01-11,'600869,智慧能源,5.29,5.35,5.11,5.29,5.22,0.07,1.341,0.9967,21710156,113883781.0,11740376026.3,11522634600.8
2019-01-10,'600869,智慧能源,5.22,5.3,5.05,5.08,5.1,0.12,2.3529,1.3485,29372980,151698725.0,11585021334.1,11370161175.1
2019-01-09,'600869,智慧能源,5.1,5.25,4.77,4.77,4.8,0.3,6.25,1.8048,39312052,197403863.0,11318699004.6,11108778159.6
2019-01-08,'600869,智慧能源,4.8,4.86,4.78,4.82,4.81,-0.01,-0.2079,0.8134,17718287,85394277.0,10652893180.8,10455320620.8
2019-01-07,'600869,智慧能源,4.81,5.15,4.8,4.97,4.95,-0.14,-2.8283,1.0988,23933743,117203376.0,10675086708.3,10477102538.8
2019-01-04,'600869,智慧能源,4.95,5.12,4.73,4.76,4.78,0.17,3.5565,1.3906,30290064,148363572.0,10985796092.7,10782049390.2
2019-01-03,'600869,智慧能源,4.78,4.82,4.66,4.7,4.71,0.07,1.4862,0.7035,15323360,72582167.0,10608506125.9,10411756784.9
2019-01-02,'600869,智慧能源,4.71,4.83,4.7,4.79,4.85,-0.14,-2.8866,0.3149,6859100,32540659.0,10453151433.7,10259283359.2
2018-12-28,'600869,智慧能源,4.85,4.96,4.72,4.81,4.83,0.02,0.4141,0.8921,19430625,93403999.0,10763860818.1,10564230210.6
2018-12-27,'600869,智慧能源,4.83,4.88,4.71,4.85,4.79,0.04,0.8351,0.8325,18133864,87007633.0,10719473763.2,10520666374.7
2018-12-26,'600869,智慧能源,4.79,4.85,4.61,4.66,4.65,0.14,3.0108,0.8836,19246601,91421723.0,10630699653.3,10433538702.8
2018-12-25,'600869,智慧能源,4.65,4.68,4.58,4.6,4.64,0.01,0.2155,0.5524,12032027,55662448.0,10319990268.9,10128591851.4
2018-12-24,'600869,智慧能源,4.64,4.65,4.55,4.65,4.6,0.04,0.8696,0.4469,9735158,45082489.0,10297796741.4,10106809933.4
2018-12-21,'600869,智慧能源,4.6,4.74,4.6,4.68,4.66,-0.06,-1.2876,0.4209,9167391,42920808.0,10209022631.6,10019682261.6
2018-12-20,'600869,智慧能源,4.66,4.7,4.57,4.61,4.61,0.05,1.0846,0.3068,6683631,30940162.0,10342183796.4,10150373769.4
2018-12-19,'600869,智慧能源,4.61,4.62,4.57,4.58,4.61,0.0,0.0,0.1844,4016766,18434878.0,10231216159.1,10041464179.6
2018-12-18,'600869,智慧能源,4.61,4.64,4.57,4.64,4.62,-0.01,-0.2165,0.1339,2917254,13422662.0,10231216159.1,10041464179.6
2018-12-17,'600869,智慧能源,4.62,4.67,4.56,4.59,4.58,0.04,0.8734,0.2399,5225834,24109660.0,10253409686.5,10063246097.5
2018-12-14,'600869,智慧能源,4.58,4.62,4.53,4.57,4.6,-0.02,-0.4348,0.3977,8662577,39569760.0,10164635576.7,9976118425.68
2018-12-13,'600869,智慧能源,4.6,4.7,4.58,4.7,4.67,-0.07,-1.4989,0.2963,6454000,29846463.0,10209022631.6,10019682261.6
2018-12-12,'600869,智慧能源,4.67,4.76,4.66,4.75,4.73,-0.06,-1.2685,0.2826,6154886,28835607.0,10364377323.8,10172155687.3
2018-12-11,'600869,智慧能源,4.73,4.84,4.68,4.72,4.71,0.02,0.4246,0.6317,13760086,65203467.0,10497538488.6,10302847195.1
2018-12-10,'600869,智慧能源,4.71,4.75,4.66,4.71,4.73,-0.02,-0.4228,0.4269,9299509,43769881.0,10453151433.7,10259283359.2
2018-12-07,'600869,智慧能源,4.73,4.79,4.65,4.7,4.68,0.05,1.0684,0.4897,10667227,50257359.0,10497538488.6,10302847195.1
2018-12-06,'600869,智慧能源,4.68,4.75,4.58,4.58,4.62,0.06,1.2987,0.6059,13198649,61542919.0,10386570851.3,10193937605.3
2018-12-05,'600869,智慧能源,4.62,4.63,4.54,4.56,4.62,0.0,0.0,0.4134,9005271,41281036.0,10253409686.5,10063246097.5
2018-12-04,'600869,智慧能源,4.62,4.66,4.6,4.66,4.68,-0.06,-1.2821,0.4081,8889400,41109786.0,10253409686.5,10063246097.5
2018-12-03,'600869,智慧能源,4.68,4.86,4.66,4.76,4.67,0.01,0.2141,0.9995,21771519,102370764.0,10386570851.3,10193937605.3
2018-11-30,'600869,智慧能源,4.67,4.68,4.58,4.63,4.63,0.04,0.8639,0.3325,7242300,33557177.0,10364377323.8,10172155687.3
2018-11-29,'600869,智慧能源,4.63,4.8,4.57,4.7,4.69,-0.06,-1.2793,0.7341,15989653,74782408.0,10275603214.0,10085028015.5
2018-11-28,'600869,智慧能源,4.69,4.7,4.5,4.55,4.55,0.14,3.0769,0.9901,21565661,99856199.0,10408764378.7,10215719523.2
2018-11-27,'600869,智慧能源,4.55,4.6,4.49,4.6,4.58,-0.03,-0.655,0.2167,4720654,21394302.0,10098054994.3,9910772671.8
2018-11-26,'600869,智慧能源,4.58,4.67,4.51,4.67,4.64,-0.06,-1.2931,0.5717,12452219,57168938.0,10164635576.7,9976118425.68
2018-11-23,'600869,智慧能源,4.64,4.8,4.56,4.61,4.69,-0.05,-1.0661,0.7988,17399942,80889297.0,10297796741.4,10106809933.4
2018-11-22,'600869,智慧能源,4.69,4.78,4.54,4.61,4.58,0.11,2.4017,0.5946,12951501,60051024.0,10408764378.7,10215719523.2
2018-11-21,'600869,智慧能源,4.58,4.65,4.4,4.4,4.46,0.12,2.6906,0.5875,12796208,58102461.0,10164635576.7,9976118425.68
2018-11-20,'600869,智慧能源,4.46,4.55,4.45,4.54,4.58,-0.12,-2.6201,0.3405,7416207,33363205.0,9898313247.16,9714735410.16
2018-11-19,'600869,智慧能源,4.58,4.61,4.51,4.53,4.57,0.01,0.2188,0.4113,8959276,40933656.0,10164635576.7,9976118425.68
2018-11-16,'600869,智慧能源,4.57,4.6,4.51,4.55,4.53,0.04,0.883,0.359,7819919,35720707.0,10142442049.2,9954336507.72
2018-11-15,'600869,智慧能源,4.53,4.53,4.46,4.51,4.48,0.05,1.1161,0.2575,5609258,25193645.0,10053667939.4,9867208835.88
2018-11-14,'600869,智慧能源,4.48,4.55,4.46,4.47,4.49,-0.01,-0.2227,0.2307,5025449,22606717.0,9942700302.08,9758299246.08
2018-11-13,'600869,智慧能源,4.49,4.5,4.4,4.44,4.46,0.03,0.6726,0.5416,11796960,52565394.0,9964893829.54,9780081164.04
2018-11-12,'600869,智慧能源,4.46,4.48,4.39,4.48,4.43,0.03,0.6772,0.2276,4956800,21937911.0,9898313247.16,9714735410.16
2018-11-09,'600869,智慧能源,4.43,4.45,4.36,4.39,4.38,0.05,1.1416,0.1226,2670662,11757771.0,9831732664.78,9649389656.28
2018-11-08,'600869,智慧能源,4.38,4.45,4.38,4.44,4.42,-0.04,-0.905,0.1289,2807765,12395466.0,9720765027.48,9540480066.48
2018-11-07,'600869,智慧能源,4.42,4.5,4.42,4.44,4.44,-0.02,-0.4505,0.1852,4034225,18007017.0,9809539137.32,9627607738.32
2018-11-06,'600869,智慧能源,4.44,4.47,4.42,4.46,4.46,-0.02,-0.4484,0.1138,2478410,11008479.0,9853926192.24,9671171574.24
2018-11-05,'600869,智慧能源,4.46,4.49,4.4,4.44,4.45,0.01,0.2247,0.166,3614989,16085712.0,9898313247.16,9714735410.16
2018-11-02,'600869,智慧能源,4.45,4.46,4.36,4.36,4.35,0.1,2.2989,0.2506,5458117,24167243.0,9876119719.7,9692953492.2
2018-11-01,'600869,智慧能源,4.35,4.4,4.34,4.34,4.34,0.01,0.2304,0.1623,3535800,15452592.0,9654184445.1,9475134312.6
2018-10-31,'600869,智慧能源,4.34,4.38,4.3,4.3,4.33,0.01,0.2309,0.1287,2804200,12166869.0,9631990917.64,9453352394.64
2018-10-30,'600869,智慧能源,4.33,4.34,4.28,4.28,4.32,0.01,0.2315,0.0876,1907838,8234115.0,9609797390.18,9431570476.68
2018-10-29,'600869,智慧能源,4.32,4.33,4.28,4.3,4.35,-0.03,-0.6897,0.1132,2466530,10621200.0,9587603862.72,9409788558.72
2018-10-26,'600869,智慧能源,4.35,4.4,4.32,4.35,4.33,0.02,0.4619,0.1093,2381022,10354216.0,9654184445.1,9475134312.6
2018-10-25,'600869,智慧能源,4.33,4.34,4.2,4.23,4.32,0.01,0.2315,0.2134,4647757,19807802.0,9609797390.18,9431570476.68
2018-10-24,'600869,智慧能源,4.32,4.33,4.28,4.29,4.32,0.0,0.0,0.1327,2891422,12446159.0,9587603862.72,9409788558.72
2018-10-23,'600869,智慧能源,4.32,4.35,4.28,4.3,4.33,-0.01,-0.2309,0.1636,3562512,15347530.0,9587603862.72,9409788558.72
2018-10-22,'600869,智慧能源,4.33,4.35,4.18,4.2,4.17,0.16,3.8369,0.3672,7997696,34400399.0,9609797390.18,9431570476.68
2018-10-19,'600869,智慧能源,4.17,4.18,4.02,4.09,4.12,0.05,1.2136,0.2283,4972938,20501411.0,9254700950.82,9083059789.32
2018-10-18,'600869,智慧能源,4.12,4.15,4.06,4.14,4.16,-0.04,-0.9615,0.237,5163309,21146338.0,9143733313.52,8974150199.52
2018-10-17,'600869,智慧能源,4.16,4.16,4.06,4.08,4.11,0.05,1.2165,0.2658,5790613,23858296.0,9232507423.36,9061277871.36
2018-10-16,'600869,智慧能源,4.11,4.11,3.96,4.11,4.11,0.0,0.0,0.2961,6449800,26065050.0,9121539786.06,8952368281.56
2018-10-15,'600869,智慧能源,4.11,4.16,4.02,4.14,4.12,-0.01,-0.2427,0.3265,7110773,29166468.0,9121539786.06,8952368281.56
2018-10-12,'600869,智慧能源,4.12,4.28,4.09,4.21,4.34,-0.22,-5.0691,0.4485,9769323,40604831.0,9143733313.52,8974150199.52
2018-10-11,'600869,智慧能源,4.34,4.44,4.12,4.44,4.49,-0.15,-3.3408,0.4541,9890261,42271215.0,9631990917.64,9453352394.64
2018-10-10,'600869,智慧能源,4.49,4.5,4.46,4.49,4.5,-0.01,-0.2222,0.1125,2451256,10972704.0,9964893829.54,9780081164.04
2018-10-09,'600869,智慧能源,4.5,4.5,4.45,4.49,4.5,0.0,0.0,0.1079,2350100,10510470.0,9987087357.0,9801863082.0
2018-10-08,'600869,智慧能源,4.5,4.5,4.44,4.45,4.5,0.0,0.0,0.1835,3997701,17854487.0,9987087357.0,9801863082.0
2018-09-28,'600869,智慧能源,4.5,4.52,4.46,4.5,4.52,-0.02,-0.4425,0.2259,4921210,22055609.0,9987087357.0,9801863082.0
2018-09-27,'600869,智慧能源,4.52,4.58,4.49,4.58,4.58,-0.06,-1.31,0.2031,4423263,19983344.0,10031474411.9,9845426917.92
2018-09-26,'600869,智慧能源,4.58,4.63,4.56,4.61,4.61,-0.03,-0.6508,0.1705,3714443,17012597.0,10164635576.7,9976118425.68
2018-09-25,'600869,智慧能源,4.61,4.67,4.58,4.59,4.62,-0.01,-0.2165,0.1397,3043066,14046182.0,10231216159.1,10041464179.6
2018-09-21,'600869,智慧能源,4.62,4.63,4.57,4.57,4.57,0.05,1.0941,0.1559,3396653,15657865.0,10253409686.5,10063246097.5
2018-09-20,'600869,智慧能源,4.57,4.66,4.56,4.6,4.59,-0.02,-0.4357,0.1641,3575109,16451797.0,10142442049.2,9954336507.72
2018-09-19,'600869,智慧能源,4.59,4.77,4.52,4.53,4.54,0.05,1.1013,0.2767,6028012,27997131.0,10186829104.1,9997900343.64
2018-09-18,'600869,智慧能源,4.54,4.55,4.5,4.52,4.52,0.02,0.4425,0.0903,1966666,8913781.0,10075861466.8,9888990753.84
2018-09-17,'600869,智慧能源,4.52,4.54,4.5,4.54,4.55,-0.03,-0.6593,0.0956,2082400,9410012.0,10031474411.9,9845426917.92
2018-09-14,'600869,智慧能源,4.55,4.56,4.52,4.55,4.54,0.01,0.2203,0.0979,2132600,9684612.0,10098054994.3,9910772671.8
2018-09-13,'600869,智慧能源,4.54,4.54,4.49,4.51,4.5,0.04,0.8889,0.1343,2925874,13225837.0,10075861466.8,9888990753.84
2018-09-12,'600869,智慧能源,4.5,4.51,4.48,4.49,4.5,0.0,0.0,0.0862,1878003,8442055.0,9987087357.0,9801863082.0
2018-09-11,'600869,智慧能源,4.5,4.51,4.45,4.5,4.5,0.0,0.0,0.1044,2273420,10195763.0,9987087357.0,9801863082.0
2018-09-10,'600869,智慧能源,4.5,4.52,4.48,4.52,4.52,-0.02,-0.4425,0.1274,2774689,12474446.0,9987087357.0,9801863082.0
2018-09-07,'600869,智慧能源,4.52,4.53,4.47,4.49,4.51,0.01,0.2217,0.1539,3352626,15086943.0,10031474411.9,9845426917.92
2018-09-06,'600869,智慧能源,4.51,4.52,4.42,4.5,4.52,-0.01,-0.2212,0.2615,5695478,25475784.0,10009280884.5,9823644999.96
2018-09-05,'600869,智慧能源,4.52,4.53,4.49,4.53,4.53,-0.01,-0.2208,0.12,2612768,11786594.0,10031474411.9,9845426917.92
2018-09-04,'600869,智慧能源,4.53,4.55,4.5,4.53,4.53,0.0,0.0,0.1142,2487449,11253694.0,10053667939.4,9867208835.88
2018-09-03,'600869,智慧能源,4.53,4.54,4.46,4.53,4.54,-0.01,-0.2203,0.1698,3699100,16630447.0,10053667939.4,9867208835.88
2018-08-31,'600869,智慧能源,4.54,4.55,4.5,4.54,4.56,-0.02,-0.4386,0.1542,3359404,15192704.0,10075861466.8,9888990753.84
2018-08-30,'600869,智慧能源,4.56,4.58,4.52,4.58,4.58,-0.02,-0.4367,0.1306,2844600,12923196.0,10120248521.8,9932554589.76
2018-08-29,'600869,智慧能源,4.58,4.6,4.54,4.6,4.59,-0.01,-0.2179,0.0978,2130488,9722061.0,10164635576.7,9976118425.68
2018-08-28,'600869,智慧能源,4.59,4.62,4.57,4.6,4.61,-0.02,-0.4338,0.0873,1900721,8724706.0,10186829104.1,9997900343.64
2018-08-27,'600869,智慧能源,4.61,4.63,4.55,4.56,4.57,0.04,0.8753,0.1601,3487126,16009672.0,10231216159.1,10041464179.6
2018-08-24,'600869,智慧能源,4.57,4.57,4.53,4.55,4.56,0.01,0.2193,0.1144,2492475,11333348.0,10142442049.2,9954336507.72
2018-08-23,'600869,智慧能源,4.56,4.57,4.51,4.53,4.56,0.0,0.0,0.1176,2560700,11626893.0,10120248521.8,9932554589.76
2018-08-22,'600869,智慧能源,4.56,4.57,4.49,4.57,4.57,-0.01,-0.2188,0.1782,3880456,17578315.0,10120248521.8,9932554589.76
2018-08-21,'600869,智慧能源,4.57,4.57,4.5,4.54,4.57,0.0,0.0,0.1264,2753700,12525265.0,10142442049.2,9954336507.72
2018-08-20,'600869,智慧能源,4.57,4.59,4.46,4.55,4.58,-0.01,-0.2183,0.2423,5277661,23824240.0,10142442049.2,9954336507.72
2018-08-17,'600869,智慧能源,4.58,4.64,4.55,4.59,4.58,0.0,0.0,0.2074,4517600,20754342.0,10164635576.7,9976118425.68
2018-08-16,'600869,智慧能源,4.58,4.59,4.52,4.58,4.59,-0.01,-0.2179,0.1877,4089314,18618320.0,10164635576.7,9976118425.68
2018-08-15,'600869,智慧能源,4.59,4.69,4.57,4.69,4.67,-0.08,-1.7131,0.1729,3765945,17369375.0,10186829104.1,9997900343.64
2018-08-14,'600869,智慧能源,4.67,4.73,4.65,4.73,4.71,-0.04,-0.8493,0.1972,4295260,20130739.0,10364377323.8,10172155687.3
2018-08-13,'600869,智慧能源,4.71,4.73,4.65,4.7,4.68,0.03,0.641,0.2471,5381921,25289986.0,10453151433.7,10259283359.2
2018-08-10,'600869,智慧能源,4.68,4.71,4.65,4.67,4.68,0.0,0.0,0.1583,3448951,16130100.0,10386570851.3,10193937605.3
2018-08-09,'600869,智慧能源,4.68,4.69,4.55,4.56,4.59,0.09,1.9608,0.2765,6023629,27980822.0,10386570851.3,10193937605.3
2018-08-08,'600869,智慧能源,4.59,4.63,4.56,4.62,4.61,-0.02,-0.4338,0.1321,2876341,13215564.0,10186829104.1,9997900343.64
2018-08-07,'600869,智慧能源,4.61,4.62,4.53,4.57,4.57,0.04,0.8753,0.1762,3838853,17574747.0,10231216159.1,10041464179.6
2018-08-06,'600869,智慧能源,4.57,4.58,4.47,4.53,4.57,0.0,0.0,0.2389,5203809,23582522.0,10142442049.2,9954336507.72
2018-08-03,'600869,智慧能源,4.57,4.59,4.49,4.55,4.57,0.0,0.0,0.1764,3841371,17414272.0,10142442049.2,9954336507.72
2018-08-02,'600869,智慧能源,4.57,4.58,4.41,4.56,4.58,-0.01,-0.2183,0.3423,7454904,33510552.0,10142442049.2,9954336507.72
2018-08-01,'600869,智慧能源,4.58,4.64,4.56,4.63,4.62,-0.04,-0.8658,0.2863,6235318,28668178.0,10164635576.7,9976118425.68
2018-07-31,'600869,智慧能源,4.62,4.71,4.56,4.71,4.71,-0.09,-1.9108,0.3749,8165802,37690244.0,10253409686.5,10063246097.5
2018-07-30,'600869,智慧能源,4.71,4.77,4.69,4.73,4.74,-0.03,-0.6329,0.2333,5081683,24009260.0,10453151433.7,10259283359.2
2018-07-27,'600869,智慧能源,4.74,4.79,4.72,4.79,4.8,-0.06,-1.25,0.2625,5717555,27147404.0,10519732016.0,10324629113.0
2018-07-26,'600869,智慧能源,4.8,4.89,4.65,4.65,4.67,0.13,2.7837,0.726,15813135,75689931.0,10652893180.8,10455320620.8
2018-07-25,'600869,智慧能源,4.67,4.68,4.62,4.64,4.65,0.02,0.4301,0.2601,5665079,26354060.0,10364377323.8,10172155687.3
2018-07-24,'600869,智慧能源,4.65,4.65,4.55,4.56,4.58,0.07,1.5284,0.3404,7414289,34232038.0,10319990268.9,10128591851.4
2018-07-23,'600869,智慧能源,4.58,4.58,4.52,4.55,4.57,0.01,0.2188,0.2227,4850187,22064194.0,10164635576.7,9976118425.68
2018-07-20,'600869,智慧能源,4.57,4.6,4.53,4.57,4.6,-0.03,-0.6522,0.2445,5325545,24328435.0,10142442049.2,9954336507.72
2018-07-19,'600869,智慧能源,4.6,4.61,4.51,4.56,4.58,0.02,0.4367,0.2308,5028154,22881914.0,10209022631.6,10019682261.6
2018-07-18,'600869,智慧能源,4.58,4.63,4.58,4.61,4.62,-0.04,-0.8658,0.171,3724454,17130043.0,10164635576.7,9976118425.68
2018-07-17,'600869,智慧能源,4.62,4.62,4.57,4.6,4.6,0.02,0.4348,0.2171,4729378,21715142.0,10253409686.5,10063246097.5
2018-07-16,'600869,智慧能源,4.6,4.62,4.55,4.57,4.58,0.02,0.4367,0.1726,3760134,17211687.0,10209022631.6,10019682261.6
2018-07-13,'600869,智慧能源,4.58,4.63,4.55,4.63,4.62,-0.04,-0.8658,0.2216,4826900,22093102.0,10164635576.7,9976118425.68
2018-07-12,'600869,智慧能源,4.62,4.65,4.5,4.52,4.58,0.04,0.8734,0.2782,6059160,27838975.0,10253409686.5,10063246097.5
2018-07-11,'600869,智慧能源,4.58,4.62,4.46,4.6,4.63,-0.05,-1.0799,0.3727,8117773,36786609.0,10164635576.7,9976118425.68
2018-07-10,'600869,智慧能源,4.63,4.64,4.56,4.64,4.64,-0.01,-0.2155,0.3868,8424872,38743823.0,10275603214.0,10085028015.5
2018-07-09,'600869,智慧能源,4.64,4.68,4.57,4.64,4.66,-0.02,-0.4292,0.6382,13900518,64006307.0,10297796741.4,10106809933.4
2018-07-06,'600869,智慧能源,4.66,4.72,4.58,4.71,4.68,-0.02,-0.4274,0.2878,6268977,29155695.0,10342183796.4,10150373769.4
2018-07-05,'600869,智慧能源,4.68,4.71,4.58,4.66,4.66,0.02,0.4292,0.1785,3888502,18019652.0,10386570851.3,10193937605.3
2018-07-04,'600869,智慧能源,4.66,4.74,4.64,4.74,4.75,-0.09,-1.8947,0.1322,2879800,13518799.0,10342183796.4,10150373769.4
2018-07-03,'600869,智慧能源,4.75,4.77,4.66,4.7,4.72,0.03,0.6356,0.1838,4002840,18922972.0,10541925543.5,10346411031.0
2018-07-02,'600869,智慧能源,4.72,4.94,4.7,4.7,4.72,0.0,0.0,0.2754,5999541,28815154.0,10475344961.1,10281065277.1
2018-06-29,'600869,智慧能源,4.72,4.75,4.6,4.65,4.64,0.08,1.7241,0.1562,3402189,15936795.0,10475344961.1,10281065277.1
2018-06-28,'600869,智慧能源,4.64,4.69,4.6,4.69,4.69,-0.05,-1.0661,0.1726,3758869,17458013.0,10297796741.4,10106809933.4
2018-06-27,'600869,智慧能源,4.69,4.78,4.67,4.74,4.74,-0.05,-1.0549,0.1006,2191622,10332057.0,10408764378.7,10215719523.2
2018-06-26,'600869,智慧能源,4.74,4.77,4.62,4.77,4.8,-0.06,-1.25,0.0968,2108427,9913276.0,10519732016.0,10324629113.0
2018-06-25,'600869,智慧能源,4.8,4.91,4.77,4.9,4.86,-0.06,-1.2346,0.1279,2785002,13404138.0,10652893180.8,10455320620.8
2018-06-22,'600869,智慧能源,4.86,4.91,4.78,4.85,4.87,-0.01,-0.2053,0.1204,2621610,12737177.0,10786054345.6,10586012128.6
2018-06-21,'600869,智慧能源,4.87,4.9,4.71,4.88,4.88,-0.01,-0.2049,0.1964,4278000,20640412.0,10808247873.0,10607794046.5
2018-06-20,'600869,智慧能源,4.88,4.92,4.75,4.85,4.93,-0.05,-1.0142,0.1645,3582149,17385694.0,10830441400.5,10629575964.5
2018-06-19,'600869,智慧能源,4.93,5.0,4.58,5.0,5.05,-0.12,-2.3762,0.3573,7783489,37105386.0,10941409037.8,10738485554.3
2018-06-15,'600869,智慧能源,5.05,5.15,5.01,5.15,5.15,-0.1,-1.9417,0.2516,5479660,27717376.0,11207731367.3,10999868569.8
2018-06-14,'600869,智慧能源,5.15,5.16,5.1,5.13,5.16,-0.01,-0.1938,0.0994,2164404,11111576.0,11429666641.9,11217687749.4
2018-06-13,'600869,智慧能源,5.16,5.18,5.08,5.18,5.17,-0.01,-0.1934,0.1584,3450038,17653495.0,11451860169.4,11239469667.4
2018-06-12,'600869,智慧能源,5.17,5.21,5.08,5.13,5.19,-0.02,-0.3854,0.1862,4055168,20865093.0,11474053696.8,11261251585.3
2018-06-11,'600869,智慧能源,5.19,5.26,5.17,5.24,5.17,0.02,0.3868,0.2345,5108044,26671133.0,11518440751.7,11304815421.2
2018-06-08,'600869,智慧能源,5.17,5.17,5.05,5.17,5.16,0.01,0.1938,0.2055,4475349,22846834.0,11474053696.8,11261251585.3
2018-06-07,'600869,智慧能源,5.16,5.18,5.12,5.18,5.16,0.0,0.0,0.1123,2446715,12586213.0,11451860169.4,11239469667.4
2018-06-06,'600869,智慧能源,5.16,5.19,5.12,5.19,5.19,-0.03,-0.578,0.1477,3217743,16555205.0,11451860169.4,11239469667.4
2018-06-05,'600869,智慧能源,5.19,5.2,5.14,5.17,5.17,0.02,0.3868,0.156,3398388,17566949.0,11518440751.7,11304815421.2
2018-06-04,'600869,智慧能源,5.17,5.18,5.1,5.16,5.16,0.01,0.1938,0.1647,3587784,18432497.0,11474053696.8,11261251585.3
2018-06-01,'600869,智慧能源,5.16,5.19,5.12,5.19,5.19,-0.03,-0.578,0.1546,3366438,17329391.0,11451860169.4,11239469667.4
2018-05-31,'600869,智慧能源,5.19,5.23,5.15,5.22,5.16,0.03,0.5814,0.1388,3024232,15694880.0,11518440751.7,11304815421.2
2018-05-30,'600869,智慧能源,5.16,5.25,5.08,5.25,5.25,-0.09,-1.7143,0.2203,4799274,24702668.0,11451860169.4,11239469667.4
2018-05-29,'600869,智慧能源,5.25,5.32,5.25,5.31,5.35,-0.1,-1.8692,0.1463,3186632,16814275.0,11651601916.5,11435506929.0
2018-05-28,'600869,智慧能源,5.35,5.43,5.25,5.25,5.28,0.07,1.3258,0.2906,6329788,33916657.0,11873537191.1,11653326108.6
2018-05-25,'600869,智慧能源,5.28,5.4,5.19,5.37,5.39,-0.11,-2.0408,0.2858,6224857,33043843.0,11718182498.9,11500852682.9
2018-05-24,'600869,智慧能源,5.39,5.49,5.36,5.46,5.47,-0.08,-1.4625,0.2681,5840625,31571777.0,11962311300.9,11740453780.4
2018-05-23,'600869,智慧能源,5.47,5.55,5.45,5.55,5.55,-0.08,-1.4414,0.3076,6700772,36757692.0,12139859520.6,11914709124.1
2018-05-22,'600869,智慧能源,5.55,5.72,5.28,5.3,5.29,0.26,4.9149,0.7616,16588094,91935471.0,12317407740.3,12088964467.8
2018-05-21,'600869,智慧能源,5.29,5.33,5.27,5.27,5.26,0.03,0.5703,0.1614,3516520,18629089.0,11740376026.3,11522634600.8
2018-05-18,'600869,智慧能源,5.26,5.27,5.18,5.19,5.18,0.08,1.5444,0.1084,2360304,12339750.0,11673795444.0,11457288847.0
2018-05-17,'600869,智慧能源,5.18,5.26,5.17,5.25,5.25,-0.07,-1.3333,0.1259,2741838,14299954.0,11496247224.3,11283033503.3
2018-05-16,'600869,智慧能源,5.25,5.28,5.24,5.28,5.3,-0.05,-0.9434,0.1397,3042900,15990907.0,11651601916.5,11435506929.0
2018-05-15,'600869,智慧能源,5.3,5.34,5.25,5.34,5.3,0.0,0.0,0.1277,2781860,14715377.0,11762569553.8,11544416518.8
2018-05-14,'600869,智慧能源,5.3,5.32,5.29,5.32,5.29,0.01,0.189,0.1809,3940100,20911759.0,11762569553.8,11544416518.8
2018-05-11,'600869,智慧能源,5.29,5.32,5.26,5.31,5.33,-0.04,-0.7505,0.1314,2863083,15129061.0,11740376026.3,11522634600.8
2018-05-10,'600869,智慧能源,5.33,5.36,5.25,5.25,5.24,0.09,1.7176,0.2967,6462042,34388066.0,11829150136.2,11609762272.7
2018-05-09,'600869,智慧能源,5.24,5.27,5.23,5.26,5.28,-0.04,-0.7576,0.1272,2770700,14520433.0,11629408389.0,11413725011.0
2018-05-08,'600869,智慧能源,5.28,5.31,5.22,5.31,5.31,-0.03,-0.565,0.2156,4696984,24684900.0,11718182498.9,11500852682.9
2018-05-07,'600869,智慧能源,5.31,5.32,5.17,5.2,5.2,0.11,2.1154,0.259,5641603,29691219.0,11784763081.3,11566198436.8
2018-05-04,'600869,智慧能源,5.2,5.25,5.17,5.25,5.25,-0.05,-0.9524,0.1209,2633289,13680628.0,11540634279.2,11326597339.2
2018-05-03,'600869,智慧能源,5.25,5.3,5.21,5.28,5.27,-0.02,-0.3795,0.1789,3897863,20431880.0,11651601916.5,11435506929.0
2018-05-02,'600869,智慧能源,5.27,5.29,5.25,5.26,5.26,0.01,0.1901,0.1121,2442366,12883805.0,11695988971.4,11479070764.9
2018-04-27,'600869,智慧能源,5.26,5.3,5.23,5.23,5.22,0.04,0.7663,0.1151,2507745,13194917.0,11673795444.0,11457288847.0
2018-04-26,'600869,智慧能源,5.22,5.31,5.21,5.25,5.24,-0.02,-0.3817,0.1872,4077537,21412648.0,11585021334.1,11370161175.1
2018-04-25,'600869,智慧能源,5.24,5.35,5.2,5.21,5.19,0.05,0.9634,0.2749,5987073,31652954.0,11629408389.0,11413725011.0
2018-04-24,'600869,智慧能源,5.19,5.23,5.13,5.16,5.16,0.03,0.5814,0.1375,2994967,15544252.0,11518440751.7,11304815421.2
2018-04-23,'600869,智慧能源,5.16,5.18,5.08,5.13,5.06,0.1,1.9763,0.2473,5387081,27674626.0,11451860169.4,11239469667.4
2018-04-20,'600869,智慧能源,5.06,5.2,5.06,5.19,5.18,-0.12,-2.3166,0.1753,3817473,19594905.0,11229924894.8,11021650487.8
2018-04-19,'600869,智慧能源,5.18,5.24,5.17,5.23,5.21,-0.03,-0.5758,0.15,3267872,16968675.0,11496247224.3,11283033503.3
2018-04-18,'600869,智慧能源,5.21,5.26,5.12,5.21,5.2,0.01,0.1923,0.1865,4061703,21061651.0,11562827806.7,11348379257.2
2018-04-17,'600869,智慧能源,5.2,5.3,5.14,5.25,5.26,-0.06,-1.1407,0.2522,5492456,28669371.0,11540634279.2,11326597339.2
2018-04-16,'600869,智慧能源,5.26,5.37,5.24,5.33,5.33,-0.07,-1.3133,0.2805,6109011,32354553.0,11673795444.0,11457288847.0
2018-04-13,'600869,智慧能源,5.33,5.44,5.32,5.41,5.4,-0.07,-1.2963,0.1591,3465400,18621702.0,11829150136.2,11609762272.7
2018-04-12,'600869,智慧能源,5.4,5.46,5.39,5.46,5.46,-0.06,-1.0989,0.1684,3668100,19857447.0,11984504828.4,11762235698.4
2018-04-11,'600869,智慧能源,5.46,5.47,5.43,5.47,5.45,0.01,0.1835,0.2319,5051569,27524907.0,12117665993.2,11892927206.2
2018-04-10,'600869,智慧能源,5.45,5.52,5.44,5.5,5.5,-0.05,-0.9091,0.2139,4660110,25452744.0,12095472465.7,11871145288.2
2018-04-09,'600869,智慧能源,5.5,5.51,5.42,5.44,5.51,-0.01,-0.1815,0.1865,4062118,22230594.0,12206440103.0,11980054878.0
2018-04-04,'600869,智慧能源,5.51,5.57,5.48,5.49,5.51,0.0,0.0,0.2179,4745927,26168565.0,12228633630.5,12001836796.0
2018-04-03,'600869,智慧能源,5.51,5.56,5.43,5.52,5.56,-0.05,-0.8993,0.2681,5839022,32175427.0,12228633630.5,12001836796.0
2018-04-02,'600869,智慧能源,5.56,5.59,5.49,5.58,5.56,0.0,0.0,0.4651,10131035,55932730.0,12339601267.8,12110746385.8
2018-03-30,'600869,智慧能源,5.56,5.57,5.5,5.55,5.53,0.03,0.5425,0.2592,5645441,31250322.0,12339601267.8,12110746385.8
2018-03-29,'600869,智慧能源,5.53,5.55,5.48,5.48,5.51,0.02,0.363,0.2394,5213761,28755496.0,12273020685.4,12045400631.9
2018-03-28,'600869,智慧能源,5.51,5.52,5.41,5.49,5.56,-0.05,-0.8993,0.264,5750827,31534170.0,12228633630.5,12001836796.0
2018-03-27,'600869,智慧能源,5.56,5.62,5.52,5.56,5.49,0.07,1.275,0.416,9062117,50477223.0,12339601267.8,12110746385.8
2018-03-26,'600869,智慧能源,5.49,5.52,5.18,5.32,5.42,0.07,1.2915,0.4327,9424333,50749232.0,12184246575.5,11958272960.0
2018-03-23,'600869,智慧能源,5.42,5.67,5.25,5.55,5.82,-0.4,-6.8729,0.8976,19551999,107647714.0,12028891883.3,11805799534.3
2018-03-22,'600869,智慧能源,5.82,6.06,5.81,6.0,5.96,-0.14,-2.349,0.8568,18662017,110193874.0,12916632981.7,12677076252.7
2018-03-21,'600869,智慧能源,5.96,6.19,5.9,6.0,6.18,-0.22,-3.5599,1.5981,34810103,209381080.0,13227342366.2,12982023104.2
2018-03-20,'600869,智慧能源,6.18,6.35,6.11,6.35,5.77,0.41,7.1057,2.5498,55538825,346945924.0,13715599970.3,13461225299.3
2018-03-19,'600869,智慧能源,5.77,5.85,5.56,5.57,5.6,0.17,3.0357,0.8583,18694591,106794534.0,12805665344.4,12568166662.9
2018-03-16,'600869,智慧能源,5.6,5.61,5.43,5.47,5.47,0.13,2.3766,0.3248,7074110,39200097.0,12428375377.6,12197874057.6
2018-03-15,'600869,智慧能源,5.47,5.56,5.43,5.54,5.51,-0.04,-0.726,0.2731,5949608,32689442.0,12139859520.6,11914709124.1
2018-03-14,'600869,智慧能源,5.51,5.63,5.5,5.62,5.61,-0.1,-1.7825,0.3304,7197367,39958138.0,12228633630.5,12001836796.0
2018-03-13,'600869,智慧能源,5.61,5.69,5.6,5.64,5.7,-0.09,-1.5789,0.3877,8444181,47580315.0,12450568905.1,12219655975.6
2018-03-12,'600869,智慧能源,5.7,5.73,5.63,5.69,5.69,0.01,0.1757,0.515,11218412,63687103.0,12650310652.2,12415693237.2
2018-03-09,'600869,智慧能源,5.69,5.71,5.61,5.69,5.73,-0.04,-0.6981,0.5186,11295631,63850971.0,12628117124.7,12393911319.2
2018-03-08,'600869,智慧能源,5.73,5.89,5.6,5.6,5.85,-0.12,-2.0513,0.8807,19182386,109868505.0,12716891234.6,12481038991.1
2018-03-07,'600869,智慧能源,5.85,6.23,5.81,6.23,5.68,0.17,2.993,1.7051,37141231,222124387.0,12983213564.1,12742422006.6
2018-03-06,'600869,智慧能源,5.68,5.68,5.5,5.5,5.16,0.52,10.0775,0.3482,7584369,42888759.0,12605923597.3,12372129401.3
2018-03-05,'600869,智慧能源,0.0,0.0,0.0,0.0,5.16,None,None,0.0,0,0.0,11451860169.4,11239469667.4
2018-03-02,'600869,智慧能源,0.0,0.0,0.0,0.0,5.16,None,None,0.0,0,0.0,11451860169.4,11239469667.4
2018-03-01,'600869,智慧能源,0.0,0.0,0.0,0.0,5.16,None,None,0.0,0,0.0,11451860169.4,11239469667.4
2018-02-28,'600869,智慧能源,0.0,0.0,0.0,0.0,5.16,None,None,0.0,0,0.0,11451860169.4,11239469667.4
2018-02-27,'600869,智慧能源,0.0,0.0,0.0,0.0,5.16,None,None,0.0,0,0.0,11451860169.4,11239469667.4
2018-02-26,'600869,智慧能源,0.0,0.0,0.0,0.0,5.16,None,None,0.0,0,0.0,11451860169.4,11239469667.4
2018-02-23,'600869,智慧能源,0.0,0.0,0.0,0.0,5.16,None,None,0.0,0,0.0,11451860169.4,11239469667.4
2018-02-22,'600869,智慧能源,0.0,0.0,0.0,0.0,5.16,None,None,0.0,0,0.0,11451860169.4,11239469667.4
2018-02-14,'600869,智慧能源,0.0,0.0,0.0,0.0,5.16,None,None,0.0,0,0.0,11451860169.4,11239469667.4
2018-02-13,'600869,智慧能源,0.0,0.0,0.0,0.0,5.16,None,None,0.0,0,0.0,11451860169.4,11239469667.4
2018-02-12,'600869,智慧能源,0.0,0.0,0.0,0.0,5.16,None,None,0.0,0,0.0,11451860169.4,11239469667.4
2018-02-09,'600869,智慧能源,0.0,0.0,0.0,0.0,5.16,None,None,0.0,0,0.0,11451860169.4,11239469667.4
2018-02-08,'600869,智慧能源,0.0,0.0,0.0,0.0,5.16,None,None,0.0,0,0.0,11451860169.4,11239469667.4
2018-02-07,'600869,智慧能源,5.16,5.48,4.78,5.4,5.31,-0.15,-2.8249,0.2351,5121206,26607089.0,11451860169.4,11239469667.4
2018-02-06,'600869,智慧能源,5.31,5.58,5.28,5.55,5.61,-0.3,-5.3476,0.2949,6422829,35072714.0,11784763081.3,11566198436.8
2018-02-05,'600869,智慧能源,5.61,5.73,5.53,5.68,5.74,-0.13,-2.2648,0.1443,3143855,17719634.0,12450568905.1,12219655975.6
2018-02-02,'600869,智慧能源,5.74,5.83,5.61,5.63,5.83,-0.09,-1.5437,0.264,5750990,32879502.0,12739084762.0,12502820909.0
2018-02-01,'600869,智慧能源,5.83,5.9,5.56,5.7,5.76,0.07,1.2153,0.4228,9208332,52511542.0,12938826509.2,12698858170.7
2018-01-31,'600869,智慧能源,5.76,5.92,5.43,5.53,5.55,0.21,3.7838,0.3764,8199757,45608858.0,12783471817.0,12546384745.0
2018-01-30,'600869,智慧能源,5.55,5.57,5.48,5.5,5.51,0.04,0.726,0.1944,4234159,23384016.0,12317407740.3,12088964467.8
2018-01-29,'600869,智慧能源,5.51,5.57,5.47,5.57,5.57,-0.06,-1.0772,0.2293,4993659,27505905.0,12228633630.5,12001836796.0
2018-01-26,'600869,智慧能源,5.57,5.6,5.55,5.59,5.61,-0.04,-0.713,0.1593,3469459,19336848.0,12361794795.2,12132528303.7
2018-01-25,'600869,智慧能源,5.61,5.61,5.55,5.6,5.63,-0.02,-0.3552,0.1855,4041126,22585846.0,12450568905.1,12219655975.6
2018-01-24,'600869,智慧能源,5.63,5.65,5.58,5.61,5.58,0.05,0.8961,0.2024,4408504,24750270.0,12494955960.0,12263219811.5
2018-01-23,'600869,智慧能源,5.58,5.63,5.56,5.6,5.65,-0.07,-1.2389,0.2397,5221374,29095338.0,12383988322.7,12154310221.7
2018-01-22,'600869,智慧能源,5.65,5.73,5.63,5.63,5.56,0.09,1.6187,0.3423,7454941,42222086.0,12539343014.9,12306783647.4
2018-01-19,'600869,智慧能源,5.56,5.58,5.5,5.54,5.6,-0.04,-0.7143,0.2441,5316372,29473797.0,12339601267.8,12110746385.8
2018-01-18,'600869,智慧能源,5.6,5.66,5.46,5.66,5.69,-0.09,-1.5817,0.7133,15537818,85938826.0,12428375377.6,12197874057.6
2018-01-17,'600869,智慧能源,5.69,5.85,5.61,5.85,5.95,-0.26,-4.3697,0.6703,14599652,82907406.0,12628117124.7,12393911319.2
2018-01-16,'600869,智慧能源,5.95,5.96,5.86,5.94,5.96,-0.01,-0.1678,0.3094,6738899,39736255.0,13205148838.7,12960241186.2
2018-01-15,'600869,智慧能源,5.96,6.05,5.82,5.9,5.85,0.11,1.8803,0.7154,15582023,92908370.0,13227342366.2,12982023104.2
2018-01-12,'600869,智慧能源,5.85,5.97,5.74,5.74,5.68,0.17,2.993,0.5967,12997380,76263858.0,12983213564.1,12742422006.6
2018-01-11,'600869,智慧能源,5.68,5.7,5.63,5.69,5.69,-0.01,-0.1757,0.1971,4293604,24273049.0,12605923597.3,12372129401.3
2018-01-10,'600869,智慧能源,5.69,5.78,5.67,5.78,5.75,-0.06,-1.0435,0.1407,3063900,17486503.0,12628117124.7,12393911319.2
2018-01-09,'600869,智慧能源,5.75,5.78,5.7,5.72,5.72,0.03,0.5245,0.1527,3326004,19080022.0,12761278289.5,12524602827.0
2018-01-08,'600869,智慧能源,5.72,5.78,5.69,5.77,5.78,-0.06,-1.0381,0.2042,4448100,25394481.0,12694697707.1,12459257073.1
2018-01-05,'600869,智慧能源,5.78,5.84,5.76,5.81,5.81,-0.03,-0.5164,0.2381,5186759,30028781.0,12827858871.9,12589948580.9
2018-01-04,'600869,智慧能源,5.81,5.86,5.73,5.84,5.83,-0.02,-0.3431,0.1598,3480697,20247730.0,12894439454.3,12655294334.8
2018-01-03,'600869,智慧能源,5.83,5.83,5.75,5.78,5.77,0.06,1.0399,0.1897,4132489,23941917.0,12938826509.2,12698858170.7
2018-01-02,'600869,智慧能源,5.77,5.78,5.73,5.73,5.74,0.03,0.5226,0.1657,3608732,20764566.0,12805665344.4,12568166662.9
